66
0 7 32 16 1
1 6 2 8 0
2 4 16 64 0
3 8 16 32 0
4 7 32 128 0
5 1 2 8 0
6 5 8 64 0
7 5 1 64 0
8 3 2 32 0
9 3 2 16 0
10 5 32 32 0
11 8 1 16 0
12 8 16 32 0
13 7 2 16 0
14 8 1 32 0
15 7 1 32 0
16 7 8 8 0
17 1 32 32 0
18 3 4 64 0
19 6 8 16 0
20 7 1 32 0
21 5 1 32 0
22 3 16 64 0
23 6 1 16 0
24 3 4 128 0
25 5 16 128 0
26 1 4 16 0
27 3 4 128 0
28 8 4 32 0
29 1 2 16 0
30 4 16 16 0
31 1 2 16 0
32 4 4 32 0
33 2 4 64 0
34 5 8 64 0
35 5 1 64 0
36 6 2 8 0
37 1 1 16 0
38 4 32 128 0
39 8 1 8 0
40 8 1 32 0
41 6 32 8 0
42 1 32 32 0
43 1 8 8 0
44 1 4 32 0
45 6 16 8 0
46 5 8 8 0
47 1 16 64 0
48 4 4 16 0
49 6 8 16 0
50 7 8 128 0
51 2 8 128 0
52 8 32 128 0
53 8 16 64 0
54 2 16 32 0
55 2 2 8 0
56 2 2 8 0
57 7 2 64 0
58 6 32 128 0
59 3 4 16 0
60 4 4 128 0
61 1 32 32 0
62 5 1 8 0
63 8 2 64 0
64 6 16 128 0
65 4 1 64 0
65
0 1 56
0 2 94
0 3 60
0 4 1
0 5 5
0 6 2
0 7 15
0 8 43
0 9 96
0 10 41
0 11 27
0 12 27
0 13 11
0 14 84
0 15 15
0 16 5
0 17 33
0 18 69
0 19 99
0 20 59
0 21 100
0 22 42
0 23 2
0 24 56
0 25 39
0 26 55
0 27 89
0 28 85
0 29 11
0 30 49
0 31 36
0 32 42
0 33 29
0 34 40
0 35 94
0 36 69
0 37 18
0 38 20
0 39 2
0 40 46
0 41 99
0 42 60
0 43 82
0 44 34
0 45 52
0 46 32
0 47 19
0 48 88
0 49 52
0 50 60
0 51 100
0 52 84
0 53 68
0 54 85
0 55 87
0 56 9
0 57 85
0 58 38
0 59 58
0 60 93
0 61 61
0 62 15
0 63 33
0 64 35
0 65 83
