82
0 1 8 32 1
1 3 16 8 0
2 8 2 64 0
3 4 4 16 0
4 3 4 128 0
5 3 8 64 0
6 6 4 8 0
7 5 32 16 0
8 3 16 8 0
9 7 8 16 0
10 3 4 16 0
11 2 32 16 0
12 1 2 128 0
13 2 4 128 0
14 6 8 64 0
15 5 4 8 0
16 7 1 64 0
17 6 8 32 0
18 4 32 64 0
19 4 32 64 0
20 8 32 32 0
21 8 4 64 0
22 1 16 64 0
23 8 8 128 0
24 4 16 64 0
25 6 2 8 0
26 1 32 128 0
27 4 1 128 0
28 8 16 8 0
29 4 32 8 0
30 4 8 16 0
31 1 4 128 0
32 4 1 64 0
33 6 32 128 0
34 3 1 64 0
35 3 4 128 0
36 1 1 128 0
37 6 8 8 0
38 4 32 32 0
39 2 2 64 0
40 1 2 64 0
41 3 2 32 0
42 8 1 32 0
43 4 2 128 0
44 5 16 64 0
45 4 16 8 0
46 4 4 8 0
47 3 4 64 0
48 2 16 128 0
49 5 8 128 0
50 2 2 8 0
51 1 4 8 0
52 1 2 32 0
53 8 8 16 0
54 5 2 16 0
55 2 32 128 0
56 7 1 128 0
57 8 16 32 0
58 5 4 16 0
59 6 1 16 0
60 7 16 128 0
61 8 2 128 0
62 2 1 128 0
63 8 16 128 0
64 2 32 128 0
65 1 1 32 0
66 2 2 16 0
67 1 8 128 0
68 5 2 64 0
69 3 8 64 0
70 5 1 32 0
71 6 8 32 0
72 5 2 16 0
73 4 4 8 0
74 1 1 128 0
75 7 4 16 0
76 7 4 128 0
77 3 4 16 0
78 7 1 64 0
79 8 1 16 0
80 6 32 128 0
81 4 16 16 0
81
0 1 65
0 2 100
0 3 14
0 4 28
0 5 12
0 6 77
0 7 66
0 8 55
0 9 57
0 10 5
0 11 23
0 12 9
0 13 18
0 14 74
0 15 85
0 16 87
0 17 97
0 18 87
0 19 59
0 20 77
0 21 54
0 22 48
0 23 40
0 24 63
0 25 77
0 26 22
0 27 60
0 28 79
0 29 59
0 30 4
0 31 50
0 32 27
0 33 93
0 34 20
0 35 16
0 36 25
0 37 94
0 38 81
0 39 96
0 40 80
0 41 10
0 42 41
0 43 33
0 44 63
0 45 92
0 46 95
0 47 47
0 48 97
0 49 18
0 50 51
0 51 43
0 52 25
0 53 38
0 54 88
0 55 70
0 56 80
0 57 99
0 58 25
0 59 47
0 60 81
0 61 94
0 62 32
0 63 100
0 64 17
0 65 51
0 66 9
0 67 29
0 68 18
0 69 37
0 70 17
0 71 36
0 72 78
0 73 68
0 74 22
0 75 91
0 76 62
0 77 96
0 78 53
0 79 43
0 80 9
0 81 95
