1392
0 24 256 1024 0
1 24 256 1024 0
2 24 256 1024 0
3 24 256 1024 0
4 24 256 1024 0
5 24 256 1024 0
6 24 256 1024 0
7 24 256 1024 0
8 24 256 1024 0
9 24 256 1024 0
10 24 256 1024 0
11 24 256 1024 0
12 24 256 1024 1
13 24 256 1024 0
14 24 256 1024 0
15 24 256 1024 0
16 24 256 1024 0
17 24 256 1024 0
18 24 256 1024 0
19 24 256 1024 0
20 24 256 1024 0
21 24 256 1024 0
22 24 256 1024 0
23 24 256 1024 0
24 24 256 1024 0
25 24 256 1024 1
26 24 256 1024 0
27 24 256 1024 0
28 24 256 1024 0
29 24 256 1024 0
30 24 256 1024 0
31 24 256 1024 0
32 24 256 1024 0
33 24 256 1024 0
34 24 256 1024 0
35 24 256 1024 0
36 24 256 1024 0
37 24 256 1024 0
38 24 256 1024 1
39 24 256 1024 0
40 24 256 1024 0
41 24 256 1024 0
42 24 256 1024 0
43 24 256 1024 0
44 24 256 1024 0
45 24 256 1024 0
46 24 256 1024 0
47 24 256 1024 0
48 24 256 1024 0
49 24 256 1024 0
50 24 256 1024 0
51 24 256 1024 1
52 24 256 1024 1
53 24 256 1024 1
54 24 256 1024 1
55 24 256 1024 1
56 24 256 1024 1
57 24 256 1024 1
58 24 256 1024 0
59 24 256 1024 0
60 24 256 1024 0
61 24 256 1024 0
62 24 256 1024 0
63 24 256 1024 0
64 24 256 1024 0
65 24 256 1024 0
66 24 256 1024 0
67 24 256 1024 0
68 24 256 1024 0
69 24 256 1024 0
70 24 256 1024 1
71 24 256 1024 0
72 24 256 1024 0
73 24 256 1024 0
74 24 256 1024 0
75 24 256 1024 0
76 24 256 1024 0
77 24 256 1024 0
78 24 256 1024 0
79 24 256 1024 0
80 24 256 1024 0
81 24 256 1024 0
82 24 256 1024 0
83 24 256 1024 1
84 24 256 1024 0
85 24 256 1024 0
86 24 256 1024 0
87 24 256 1024 0
88 24 256 1024 0
89 24 256 1024 0
90 24 256 1024 0
91 24 256 1024 0
92 24 256 1024 0
93 24 256 1024 0
94 24 256 1024 0
95 24 256 1024 0
96 24 256 1024 1
97 24 256 1024 0
98 24 256 1024 0
99 24 256 1024 0
100 24 256 1024 0
101 24 256 1024 0
102 24 256 1024 0
103 24 256 1024 0
104 24 256 1024 0
105 24 256 1024 0
106 24 256 1024 0
107 24 256 1024 0
108 24 256 1024 0
109 24 256 1024 1
110 24 256 1024 1
111 24 256 1024 1
112 24 256 1024 1
113 24 256 1024 1
114 24 256 1024 1
115 24 256 1024 1
116 24 256 1024 0
117 24 256 1024 0
118 24 256 1024 0
119 24 256 1024 0
120 24 256 1024 0
121 24 256 1024 0
122 24 256 1024 0
123 24 256 1024 0
124 24 256 1024 0
125 24 256 1024 0
126 24 256 1024 0
127 24 256 1024 0
128 24 256 1024 1
129 24 256 1024 0
130 24 256 1024 0
131 24 256 1024 0
132 24 256 1024 0
133 24 256 1024 0
134 24 256 1024 0
135 24 256 1024 0
136 24 256 1024 0
137 24 256 1024 0
138 24 256 1024 0
139 24 256 1024 0
140 24 256 1024 0
141 24 256 1024 1
142 24 256 1024 0
143 24 256 1024 0
144 24 256 1024 0
145 24 256 1024 0
146 24 256 1024 0
147 24 256 1024 0
148 24 256 1024 0
149 24 256 1024 0
150 24 256 1024 0
151 24 256 1024 0
152 24 256 1024 0
153 24 256 1024 0
154 24 256 1024 1
155 24 256 1024 0
156 24 256 1024 0
157 24 256 1024 0
158 24 256 1024 0
159 24 256 1024 0
160 24 256 1024 0
161 24 256 1024 0
162 24 256 1024 0
163 24 256 1024 0
164 24 256 1024 0
165 24 256 1024 0
166 24 256 1024 0
167 24 256 1024 1
168 24 256 1024 1
169 24 256 1024 1
170 24 256 1024 1
171 24 256 1024 1
172 24 256 1024 1
173 24 256 1024 1
174 24 256 1024 0
175 24 256 1024 0
176 24 256 1024 0
177 24 256 1024 0
178 24 256 1024 0
179 24 256 1024 0
180 24 256 1024 0
181 24 256 1024 0
182 24 256 1024 0
183 24 256 1024 0
184 24 256 1024 0
185 24 256 1024 0
186 24 256 1024 1
187 24 256 1024 0
188 24 256 1024 0
189 24 256 1024 0
190 24 256 1024 0
191 24 256 1024 0
192 24 256 1024 0
193 24 256 1024 0
194 24 256 1024 0
195 24 256 1024 0
196 24 256 1024 0
197 24 256 1024 0
198 24 256 1024 0
199 24 256 1024 1
200 24 256 1024 0
201 24 256 1024 0
202 24 256 1024 0
203 24 256 1024 0
204 24 256 1024 0
205 24 256 1024 0
206 24 256 1024 0
207 24 256 1024 0
208 24 256 1024 0
209 24 256 1024 0
210 24 256 1024 0
211 24 256 1024 0
212 24 256 1024 1
213 24 256 1024 0
214 24 256 1024 0
215 24 256 1024 0
216 24 256 1024 0
217 24 256 1024 0
218 24 256 1024 0
219 24 256 1024 0
220 24 256 1024 0
221 24 256 1024 0
222 24 256 1024 0
223 24 256 1024 0
224 24 256 1024 0
225 24 256 1024 1
226 24 256 1024 1
227 24 256 1024 1
228 24 256 1024 1
229 24 256 1024 1
230 24 256 1024 1
231 24 256 1024 1
232 24 256 1024 0
233 24 256 1024 0
234 24 256 1024 0
235 24 256 1024 0
236 24 256 1024 0
237 24 256 1024 0
238 24 256 1024 0
239 24 256 1024 0
240 24 256 1024 0
241 24 256 1024 0
242 24 256 1024 0
243 24 256 1024 0
244 24 256 1024 1
245 24 256 1024 0
246 24 256 1024 0
247 24 256 1024 0
248 24 256 1024 0
249 24 256 1024 0
250 24 256 1024 0
251 24 256 1024 0
252 24 256 1024 0
253 24 256 1024 0
254 24 256 1024 0
255 24 256 1024 0
256 24 256 1024 0
257 24 256 1024 1
258 24 256 1024 0
259 24 256 1024 0
260 24 256 1024 0
261 24 256 1024 0
262 24 256 1024 0
263 24 256 1024 0
264 24 256 1024 0
265 24 256 1024 0
266 24 256 1024 0
267 24 256 1024 0
268 24 256 1024 0
269 24 256 1024 0
270 24 256 1024 1
271 24 256 1024 0
272 24 256 1024 0
273 24 256 1024 0
274 24 256 1024 0
275 24 256 1024 0
276 24 256 1024 0
277 24 256 1024 0
278 24 256 1024 0
279 24 256 1024 0
280 24 256 1024 0
281 24 256 1024 0
282 24 256 1024 0
283 24 256 1024 1
284 24 256 1024 1
285 24 256 1024 1
286 24 256 1024 1
287 24 256 1024 1
288 24 256 1024 1
289 24 256 1024 1
290 24 256 1024 0
291 24 256 1024 0
292 24 256 1024 0
293 24 256 1024 0
294 24 256 1024 0
295 24 256 1024 0
296 24 256 1024 0
297 24 256 1024 0
298 24 256 1024 0
299 24 256 1024 0
300 24 256 1024 0
301 24 256 1024 0
302 24 256 1024 1
303 24 256 1024 0
304 24 256 1024 0
305 24 256 1024 0
306 24 256 1024 0
307 24 256 1024 0
308 24 256 1024 0
309 24 256 1024 0
310 24 256 1024 0
311 24 256 1024 0
312 24 256 1024 0
313 24 256 1024 0
314 24 256 1024 0
315 24 256 1024 1
316 24 256 1024 0
317 24 256 1024 0
318 24 256 1024 0
319 24 256 1024 0
320 24 256 1024 0
321 24 256 1024 0
322 24 256 1024 0
323 24 256 1024 0
324 24 256 1024 0
325 24 256 1024 0
326 24 256 1024 0
327 24 256 1024 0
328 24 256 1024 1
329 24 256 1024 0
330 24 256 1024 0
331 24 256 1024 0
332 24 256 1024 0
333 24 256 1024 0
334 24 256 1024 0
335 24 256 1024 0
336 24 256 1024 0
337 24 256 1024 0
338 24 256 1024 0
339 24 256 1024 0
340 24 256 1024 0
341 24 256 1024 1
342 24 256 1024 1
343 24 256 1024 1
344 24 256 1024 1
345 24 256 1024 1
346 24 256 1024 1
347 24 256 1024 1
348 24 256 1024 0
349 24 256 1024 0
350 24 256 1024 0
351 24 256 1024 0
352 24 256 1024 0
353 24 256 1024 0
354 24 256 1024 0
355 24 256 1024 0
356 24 256 1024 0
357 24 256 1024 0
358 24 256 1024 0
359 24 256 1024 0
360 24 256 1024 1
361 24 256 1024 0
362 24 256 1024 0
363 24 256 1024 0
364 24 256 1024 0
365 24 256 1024 0
366 24 256 1024 0
367 24 256 1024 0
368 24 256 1024 0
369 24 256 1024 0
370 24 256 1024 0
371 24 256 1024 0
372 24 256 1024 0
373 24 256 1024 1
374 24 256 1024 0
375 24 256 1024 0
376 24 256 1024 0
377 24 256 1024 0
378 24 256 1024 0
379 24 256 1024 0
380 24 256 1024 0
381 24 256 1024 0
382 24 256 1024 0
383 24 256 1024 0
384 24 256 1024 0
385 24 256 1024 0
386 24 256 1024 1
387 24 256 1024 0
388 24 256 1024 0
389 24 256 1024 0
390 24 256 1024 0
391 24 256 1024 0
392 24 256 1024 0
393 24 256 1024 0
394 24 256 1024 0
395 24 256 1024 0
396 24 256 1024 0
397 24 256 1024 0
398 24 256 1024 0
399 24 256 1024 1
400 24 256 1024 1
401 24 256 1024 1
402 24 256 1024 1
403 24 256 1024 1
404 24 256 1024 1
405 24 256 1024 1
406 24 256 1024 0
407 24 256 1024 0
408 24 256 1024 0
409 24 256 1024 0
410 24 256 1024 0
411 24 256 1024 0
412 24 256 1024 0
413 24 256 1024 0
414 24 256 1024 0
415 24 256 1024 0
416 24 256 1024 0
417 24 256 1024 0
418 24 256 1024 1
419 24 256 1024 0
420 24 256 1024 0
421 24 256 1024 0
422 24 256 1024 0
423 24 256 1024 0
424 24 256 1024 0
425 24 256 1024 0
426 24 256 1024 0
427 24 256 1024 0
428 24 256 1024 0
429 24 256 1024 0
430 24 256 1024 0
431 24 256 1024 1
432 24 256 1024 0
433 24 256 1024 0
434 24 256 1024 0
435 24 256 1024 0
436 24 256 1024 0
437 24 256 1024 0
438 24 256 1024 0
439 24 256 1024 0
440 24 256 1024 0
441 24 256 1024 0
442 24 256 1024 0
443 24 256 1024 0
444 24 256 1024 1
445 24 256 1024 0
446 24 256 1024 0
447 24 256 1024 0
448 24 256 1024 0
449 24 256 1024 0
450 24 256 1024 0
451 24 256 1024 0
452 24 256 1024 0
453 24 256 1024 0
454 24 256 1024 0
455 24 256 1024 0
456 24 256 1024 0
457 24 256 1024 1
458 24 256 1024 1
459 24 256 1024 1
460 24 256 1024 1
461 24 256 1024 1
462 24 256 1024 1
463 24 256 1024 1
464 24 256 1024 0
465 24 256 1024 0
466 24 256 1024 0
467 24 256 1024 0
468 24 256 1024 0
469 24 256 1024 0
470 24 256 1024 0
471 24 256 1024 0
472 24 256 1024 0
473 24 256 1024 0
474 24 256 1024 0
475 24 256 1024 0
476 24 256 1024 1
477 24 256 1024 0
478 24 256 1024 0
479 24 256 1024 0
480 24 256 1024 0
481 24 256 1024 0
482 24 256 1024 0
483 24 256 1024 0
484 24 256 1024 0
485 24 256 1024 0
486 24 256 1024 0
487 24 256 1024 0
488 24 256 1024 0
489 24 256 1024 1
490 24 256 1024 0
491 24 256 1024 0
492 24 256 1024 0
493 24 256 1024 0
494 24 256 1024 0
495 24 256 1024 0
496 24 256 1024 0
497 24 256 1024 0
498 24 256 1024 0
499 24 256 1024 0
500 24 256 1024 0
501 24 256 1024 0
502 24 256 1024 1
503 24 256 1024 0
504 24 256 1024 0
505 24 256 1024 0
506 24 256 1024 0
507 24 256 1024 0
508 24 256 1024 0
509 24 256 1024 0
510 24 256 1024 0
511 24 256 1024 0
512 24 256 1024 0
513 24 256 1024 0
514 24 256 1024 0
515 24 256 1024 1
516 24 256 1024 1
517 24 256 1024 1
518 24 256 1024 1
519 24 256 1024 1
520 24 256 1024 1
521 24 256 1024 1
522 24 256 1024 0
523 24 256 1024 0
524 24 256 1024 0
525 24 256 1024 0
526 24 256 1024 0
527 24 256 1024 0
528 24 256 1024 0
529 24 256 1024 0
530 24 256 1024 0
531 24 256 1024 0
532 24 256 1024 0
533 24 256 1024 0
534 24 256 1024 1
535 24 256 1024 0
536 24 256 1024 0
537 24 256 1024 0
538 24 256 1024 0
539 24 256 1024 0
540 24 256 1024 0
541 24 256 1024 0
542 24 256 1024 0
543 24 256 1024 0
544 24 256 1024 0
545 24 256 1024 0
546 24 256 1024 0
547 24 256 1024 1
548 24 256 1024 0
549 24 256 1024 0
550 24 256 1024 0
551 24 256 1024 0
552 24 256 1024 0
553 24 256 1024 0
554 24 256 1024 0
555 24 256 1024 0
556 24 256 1024 0
557 24 256 1024 0
558 24 256 1024 0
559 24 256 1024 0
560 24 256 1024 1
561 24 256 1024 0
562 24 256 1024 0
563 24 256 1024 0
564 24 256 1024 0
565 24 256 1024 0
566 24 256 1024 0
567 24 256 1024 0
568 24 256 1024 0
569 24 256 1024 0
570 24 256 1024 0
571 24 256 1024 0
572 24 256 1024 0
573 24 256 1024 1
574 24 256 1024 1
575 24 256 1024 1
576 24 256 1024 1
577 24 256 1024 1
578 24 256 1024 1
579 24 256 1024 1
580 24 256 1024 0
581 24 256 1024 0
582 24 256 1024 0
583 24 256 1024 0
584 24 256 1024 0
585 24 256 1024 0
586 24 256 1024 0
587 24 256 1024 0
588 24 256 1024 0
589 24 256 1024 0
590 24 256 1024 0
591 24 256 1024 0
592 24 256 1024 1
593 24 256 1024 0
594 24 256 1024 0
595 24 256 1024 0
596 24 256 1024 0
597 24 256 1024 0
598 24 256 1024 0
599 24 256 1024 0
600 24 256 1024 0
601 24 256 1024 0
602 24 256 1024 0
603 24 256 1024 0
604 24 256 1024 0
605 24 256 1024 1
606 24 256 1024 0
607 24 256 1024 0
608 24 256 1024 0
609 24 256 1024 0
610 24 256 1024 0
611 24 256 1024 0
612 24 256 1024 0
613 24 256 1024 0
614 24 256 1024 0
615 24 256 1024 0
616 24 256 1024 0
617 24 256 1024 0
618 24 256 1024 1
619 24 256 1024 0
620 24 256 1024 0
621 24 256 1024 0
622 24 256 1024 0
623 24 256 1024 0
624 24 256 1024 0
625 24 256 1024 0
626 24 256 1024 0
627 24 256 1024 0
628 24 256 1024 0
629 24 256 1024 0
630 24 256 1024 0
631 24 256 1024 1
632 24 256 1024 1
633 24 256 1024 1
634 24 256 1024 1
635 24 256 1024 1
636 24 256 1024 1
637 24 256 1024 1
638 24 256 1024 0
639 24 256 1024 0
640 24 256 1024 0
641 24 256 1024 0
642 24 256 1024 0
643 24 256 1024 0
644 24 256 1024 0
645 24 256 1024 0
646 24 256 1024 0
647 24 256 1024 0
648 24 256 1024 0
649 24 256 1024 0
650 24 256 1024 1
651 24 256 1024 0
652 24 256 1024 0
653 24 256 1024 0
654 24 256 1024 0
655 24 256 1024 0
656 24 256 1024 0
657 24 256 1024 0
658 24 256 1024 0
659 24 256 1024 0
660 24 256 1024 0
661 24 256 1024 0
662 24 256 1024 0
663 24 256 1024 1
664 24 256 1024 0
665 24 256 1024 0
666 24 256 1024 0
667 24 256 1024 0
668 24 256 1024 0
669 24 256 1024 0
670 24 256 1024 0
671 24 256 1024 0
672 24 256 1024 0
673 24 256 1024 0
674 24 256 1024 0
675 24 256 1024 0
676 24 256 1024 1
677 24 256 1024 0
678 24 256 1024 0
679 24 256 1024 0
680 24 256 1024 0
681 24 256 1024 0
682 24 256 1024 0
683 24 256 1024 0
684 24 256 1024 0
685 24 256 1024 0
686 24 256 1024 0
687 24 256 1024 0
688 24 256 1024 0
689 24 256 1024 1
690 24 256 1024 1
691 24 256 1024 1
692 24 256 1024 1
693 24 256 1024 1
694 24 256 1024 1
695 24 256 1024 1
696 24 256 1024 0
697 24 256 1024 0
698 24 256 1024 0
699 24 256 1024 0
700 24 256 1024 0
701 24 256 1024 0
702 24 256 1024 0
703 24 256 1024 0
704 24 256 1024 0
705 24 256 1024 0
706 24 256 1024 0
707 24 256 1024 0
708 24 256 1024 1
709 24 256 1024 0
710 24 256 1024 0
711 24 256 1024 0
712 24 256 1024 0
713 24 256 1024 0
714 24 256 1024 0
715 24 256 1024 0
716 24 256 1024 0
717 24 256 1024 0
718 24 256 1024 0
719 24 256 1024 0
720 24 256 1024 0
721 24 256 1024 1
722 24 256 1024 0
723 24 256 1024 0
724 24 256 1024 0
725 24 256 1024 0
726 24 256 1024 0
727 24 256 1024 0
728 24 256 1024 0
729 24 256 1024 0
730 24 256 1024 0
731 24 256 1024 0
732 24 256 1024 0
733 24 256 1024 0
734 24 256 1024 1
735 24 256 1024 0
736 24 256 1024 0
737 24 256 1024 0
738 24 256 1024 0
739 24 256 1024 0
740 24 256 1024 0
741 24 256 1024 0
742 24 256 1024 0
743 24 256 1024 0
744 24 256 1024 0
745 24 256 1024 0
746 24 256 1024 0
747 24 256 1024 1
748 24 256 1024 1
749 24 256 1024 1
750 24 256 1024 1
751 24 256 1024 1
752 24 256 1024 1
753 24 256 1024 1
754 24 256 1024 0
755 24 256 1024 0
756 24 256 1024 0
757 24 256 1024 0
758 24 256 1024 0
759 24 256 1024 0
760 24 256 1024 0
761 24 256 1024 0
762 24 256 1024 0
763 24 256 1024 0
764 24 256 1024 0
765 24 256 1024 0
766 24 256 1024 1
767 24 256 1024 0
768 24 256 1024 0
769 24 256 1024 0
770 24 256 1024 0
771 24 256 1024 0
772 24 256 1024 0
773 24 256 1024 0
774 24 256 1024 0
775 24 256 1024 0
776 24 256 1024 0
777 24 256 1024 0
778 24 256 1024 0
779 24 256 1024 1
780 24 256 1024 0
781 24 256 1024 0
782 24 256 1024 0
783 24 256 1024 0
784 24 256 1024 0
785 24 256 1024 0
786 24 256 1024 0
787 24 256 1024 0
788 24 256 1024 0
789 24 256 1024 0
790 24 256 1024 0
791 24 256 1024 0
792 24 256 1024 1
793 24 256 1024 0
794 24 256 1024 0
795 24 256 1024 0
796 24 256 1024 0
797 24 256 1024 0
798 24 256 1024 0
799 24 256 1024 0
800 24 256 1024 0
801 24 256 1024 0
802 24 256 1024 0
803 24 256 1024 0
804 24 256 1024 0
805 24 256 1024 1
806 24 256 1024 1
807 24 256 1024 1
808 24 256 1024 1
809 24 256 1024 1
810 24 256 1024 1
811 24 256 1024 1
812 24 256 1024 0
813 24 256 1024 0
814 24 256 1024 0
815 24 256 1024 0
816 24 256 1024 0
817 24 256 1024 0
818 24 256 1024 0
819 24 256 1024 0
820 24 256 1024 0
821 24 256 1024 0
822 24 256 1024 0
823 24 256 1024 0
824 24 256 1024 1
825 24 256 1024 0
826 24 256 1024 0
827 24 256 1024 0
828 24 256 1024 0
829 24 256 1024 0
830 24 256 1024 0
831 24 256 1024 0
832 24 256 1024 0
833 24 256 1024 0
834 24 256 1024 0
835 24 256 1024 0
836 24 256 1024 0
837 24 256 1024 1
838 24 256 1024 0
839 24 256 1024 0
840 24 256 1024 0
841 24 256 1024 0
842 24 256 1024 0
843 24 256 1024 0
844 24 256 1024 0
845 24 256 1024 0
846 24 256 1024 0
847 24 256 1024 0
848 24 256 1024 0
849 24 256 1024 0
850 24 256 1024 1
851 24 256 1024 0
852 24 256 1024 0
853 24 256 1024 0
854 24 256 1024 0
855 24 256 1024 0
856 24 256 1024 0
857 24 256 1024 0
858 24 256 1024 0
859 24 256 1024 0
860 24 256 1024 0
861 24 256 1024 0
862 24 256 1024 0
863 24 256 1024 1
864 24 256 1024 1
865 24 256 1024 1
866 24 256 1024 1
867 24 256 1024 1
868 24 256 1024 1
869 24 256 1024 1
870 24 256 1024 0
871 24 256 1024 0
872 24 256 1024 0
873 24 256 1024 0
874 24 256 1024 0
875 24 256 1024 0
876 24 256 1024 0
877 24 256 1024 0
878 24 256 1024 0
879 24 256 1024 0
880 24 256 1024 0
881 24 256 1024 0
882 24 256 1024 1
883 24 256 1024 0
884 24 256 1024 0
885 24 256 1024 0
886 24 256 1024 0
887 24 256 1024 0
888 24 256 1024 0
889 24 256 1024 0
890 24 256 1024 0
891 24 256 1024 0
892 24 256 1024 0
893 24 256 1024 0
894 24 256 1024 0
895 24 256 1024 1
896 24 256 1024 0
897 24 256 1024 0
898 24 256 1024 0
899 24 256 1024 0
900 24 256 1024 0
901 24 256 1024 0
902 24 256 1024 0
903 24 256 1024 0
904 24 256 1024 0
905 24 256 1024 0
906 24 256 1024 0
907 24 256 1024 0
908 24 256 1024 1
909 24 256 1024 0
910 24 256 1024 0
911 24 256 1024 0
912 24 256 1024 0
913 24 256 1024 0
914 24 256 1024 0
915 24 256 1024 0
916 24 256 1024 0
917 24 256 1024 0
918 24 256 1024 0
919 24 256 1024 0
920 24 256 1024 0
921 24 256 1024 1
922 24 256 1024 1
923 24 256 1024 1
924 24 256 1024 1
925 24 256 1024 1
926 24 256 1024 1
927 24 256 1024 1
928 24 256 1024 0
929 24 256 1024 0
930 24 256 1024 0
931 24 256 1024 0
932 24 256 1024 0
933 24 256 1024 0
934 24 256 1024 0
935 24 256 1024 0
936 24 256 1024 0
937 24 256 1024 0
938 24 256 1024 0
939 24 256 1024 0
940 24 256 1024 1
941 24 256 1024 0
942 24 256 1024 0
943 24 256 1024 0
944 24 256 1024 0
945 24 256 1024 0
946 24 256 1024 0
947 24 256 1024 0
948 24 256 1024 0
949 24 256 1024 0
950 24 256 1024 0
951 24 256 1024 0
952 24 256 1024 0
953 24 256 1024 1
954 24 256 1024 0
955 24 256 1024 0
956 24 256 1024 0
957 24 256 1024 0
958 24 256 1024 0
959 24 256 1024 0
960 24 256 1024 0
961 24 256 1024 0
962 24 256 1024 0
963 24 256 1024 0
964 24 256 1024 0
965 24 256 1024 0
966 24 256 1024 1
967 24 256 1024 0
968 24 256 1024 0
969 24 256 1024 0
970 24 256 1024 0
971 24 256 1024 0
972 24 256 1024 0
973 24 256 1024 0
974 24 256 1024 0
975 24 256 1024 0
976 24 256 1024 0
977 24 256 1024 0
978 24 256 1024 0
979 24 256 1024 1
980 24 256 1024 1
981 24 256 1024 1
982 24 256 1024 1
983 24 256 1024 1
984 24 256 1024 1
985 24 256 1024 1
986 24 256 1024 0
987 24 256 1024 0
988 24 256 1024 0
989 24 256 1024 0
990 24 256 1024 0
991 24 256 1024 0
992 24 256 1024 0
993 24 256 1024 0
994 24 256 1024 0
995 24 256 1024 0
996 24 256 1024 0
997 24 256 1024 0
998 24 256 1024 1
999 24 256 1024 0
1000 24 256 1024 0
1001 24 256 1024 0
1002 24 256 1024 0
1003 24 256 1024 0
1004 24 256 1024 0
1005 24 256 1024 0
1006 24 256 1024 0
1007 24 256 1024 0
1008 24 256 1024 0
1009 24 256 1024 0
1010 24 256 1024 0
1011 24 256 1024 1
1012 24 256 1024 0
1013 24 256 1024 0
1014 24 256 1024 0
1015 24 256 1024 0
1016 24 256 1024 0
1017 24 256 1024 0
1018 24 256 1024 0
1019 24 256 1024 0
1020 24 256 1024 0
1021 24 256 1024 0
1022 24 256 1024 0
1023 24 256 1024 0
1024 24 256 1024 1
1025 24 256 1024 0
1026 24 256 1024 0
1027 24 256 1024 0
1028 24 256 1024 0
1029 24 256 1024 0
1030 24 256 1024 0
1031 24 256 1024 0
1032 24 256 1024 0
1033 24 256 1024 0
1034 24 256 1024 0
1035 24 256 1024 0
1036 24 256 1024 0
1037 24 256 1024 1
1038 24 256 1024 1
1039 24 256 1024 1
1040 24 256 1024 1
1041 24 256 1024 1
1042 24 256 1024 1
1043 24 256 1024 1
1044 24 256 1024 0
1045 24 256 1024 0
1046 24 256 1024 0
1047 24 256 1024 0
1048 24 256 1024 0
1049 24 256 1024 0
1050 24 256 1024 0
1051 24 256 1024 0
1052 24 256 1024 0
1053 24 256 1024 0
1054 24 256 1024 0
1055 24 256 1024 0
1056 24 256 1024 1
1057 24 256 1024 0
1058 24 256 1024 0
1059 24 256 1024 0
1060 24 256 1024 0
1061 24 256 1024 0
1062 24 256 1024 0
1063 24 256 1024 0
1064 24 256 1024 0
1065 24 256 1024 0
1066 24 256 1024 0
1067 24 256 1024 0
1068 24 256 1024 0
1069 24 256 1024 1
1070 24 256 1024 0
1071 24 256 1024 0
1072 24 256 1024 0
1073 24 256 1024 0
1074 24 256 1024 0
1075 24 256 1024 0
1076 24 256 1024 0
1077 24 256 1024 0
1078 24 256 1024 0
1079 24 256 1024 0
1080 24 256 1024 0
1081 24 256 1024 0
1082 24 256 1024 1
1083 24 256 1024 0
1084 24 256 1024 0
1085 24 256 1024 0
1086 24 256 1024 0
1087 24 256 1024 0
1088 24 256 1024 0
1089 24 256 1024 0
1090 24 256 1024 0
1091 24 256 1024 0
1092 24 256 1024 0
1093 24 256 1024 0
1094 24 256 1024 0
1095 24 256 1024 1
1096 24 256 1024 1
1097 24 256 1024 1
1098 24 256 1024 1
1099 24 256 1024 1
1100 24 256 1024 1
1101 24 256 1024 1
1102 24 256 1024 0
1103 24 256 1024 0
1104 24 256 1024 0
1105 24 256 1024 0
1106 24 256 1024 0
1107 24 256 1024 0
1108 24 256 1024 0
1109 24 256 1024 0
1110 24 256 1024 0
1111 24 256 1024 0
1112 24 256 1024 0
1113 24 256 1024 0
1114 24 256 1024 1
1115 24 256 1024 0
1116 24 256 1024 0
1117 24 256 1024 0
1118 24 256 1024 0
1119 24 256 1024 0
1120 24 256 1024 0
1121 24 256 1024 0
1122 24 256 1024 0
1123 24 256 1024 0
1124 24 256 1024 0
1125 24 256 1024 0
1126 24 256 1024 0
1127 24 256 1024 1
1128 24 256 1024 0
1129 24 256 1024 0
1130 24 256 1024 0
1131 24 256 1024 0
1132 24 256 1024 0
1133 24 256 1024 0
1134 24 256 1024 0
1135 24 256 1024 0
1136 24 256 1024 0
1137 24 256 1024 0
1138 24 256 1024 0
1139 24 256 1024 0
1140 24 256 1024 1
1141 24 256 1024 0
1142 24 256 1024 0
1143 24 256 1024 0
1144 24 256 1024 0
1145 24 256 1024 0
1146 24 256 1024 0
1147 24 256 1024 0
1148 24 256 1024 0
1149 24 256 1024 0
1150 24 256 1024 0
1151 24 256 1024 0
1152 24 256 1024 0
1153 24 256 1024 1
1154 24 256 1024 1
1155 24 256 1024 1
1156 24 256 1024 1
1157 24 256 1024 1
1158 24 256 1024 1
1159 24 256 1024 1
1160 24 256 1024 0
1161 24 256 1024 0
1162 24 256 1024 0
1163 24 256 1024 0
1164 24 256 1024 0
1165 24 256 1024 0
1166 24 256 1024 0
1167 24 256 1024 0
1168 24 256 1024 0
1169 24 256 1024 0
1170 24 256 1024 0
1171 24 256 1024 0
1172 24 256 1024 1
1173 24 256 1024 0
1174 24 256 1024 0
1175 24 256 1024 0
1176 24 256 1024 0
1177 24 256 1024 0
1178 24 256 1024 0
1179 24 256 1024 0
1180 24 256 1024 0
1181 24 256 1024 0
1182 24 256 1024 0
1183 24 256 1024 0
1184 24 256 1024 0
1185 24 256 1024 1
1186 24 256 1024 0
1187 24 256 1024 0
1188 24 256 1024 0
1189 24 256 1024 0
1190 24 256 1024 0
1191 24 256 1024 0
1192 24 256 1024 0
1193 24 256 1024 0
1194 24 256 1024 0
1195 24 256 1024 0
1196 24 256 1024 0
1197 24 256 1024 0
1198 24 256 1024 1
1199 24 256 1024 0
1200 24 256 1024 0
1201 24 256 1024 0
1202 24 256 1024 0
1203 24 256 1024 0
1204 24 256 1024 0
1205 24 256 1024 0
1206 24 256 1024 0
1207 24 256 1024 0
1208 24 256 1024 0
1209 24 256 1024 0
1210 24 256 1024 0
1211 24 256 1024 1
1212 24 256 1024 1
1213 24 256 1024 1
1214 24 256 1024 1
1215 24 256 1024 1
1216 24 256 1024 1
1217 24 256 1024 1
1218 24 256 1024 0
1219 24 256 1024 0
1220 24 256 1024 0
1221 24 256 1024 0
1222 24 256 1024 0
1223 24 256 1024 0
1224 24 256 1024 0
1225 24 256 1024 0
1226 24 256 1024 0
1227 24 256 1024 0
1228 24 256 1024 0
1229 24 256 1024 0
1230 24 256 1024 1
1231 24 256 1024 0
1232 24 256 1024 0
1233 24 256 1024 0
1234 24 256 1024 0
1235 24 256 1024 0
1236 24 256 1024 0
1237 24 256 1024 0
1238 24 256 1024 0
1239 24 256 1024 0
1240 24 256 1024 0
1241 24 256 1024 0
1242 24 256 1024 0
1243 24 256 1024 1
1244 24 256 1024 0
1245 24 256 1024 0
1246 24 256 1024 0
1247 24 256 1024 0
1248 24 256 1024 0
1249 24 256 1024 0
1250 24 256 1024 0
1251 24 256 1024 0
1252 24 256 1024 0
1253 24 256 1024 0
1254 24 256 1024 0
1255 24 256 1024 0
1256 24 256 1024 1
1257 24 256 1024 0
1258 24 256 1024 0
1259 24 256 1024 0
1260 24 256 1024 0
1261 24 256 1024 0
1262 24 256 1024 0
1263 24 256 1024 0
1264 24 256 1024 0
1265 24 256 1024 0
1266 24 256 1024 0
1267 24 256 1024 0
1268 24 256 1024 0
1269 24 256 1024 1
1270 24 256 1024 1
1271 24 256 1024 1
1272 24 256 1024 1
1273 24 256 1024 1
1274 24 256 1024 1
1275 24 256 1024 1
1276 24 256 1024 0
1277 24 256 1024 0
1278 24 256 1024 0
1279 24 256 1024 0
1280 24 256 1024 0
1281 24 256 1024 0
1282 24 256 1024 0
1283 24 256 1024 0
1284 24 256 1024 0
1285 24 256 1024 0
1286 24 256 1024 0
1287 24 256 1024 0
1288 24 256 1024 1
1289 24 256 1024 0
1290 24 256 1024 0
1291 24 256 1024 0
1292 24 256 1024 0
1293 24 256 1024 0
1294 24 256 1024 0
1295 24 256 1024 0
1296 24 256 1024 0
1297 24 256 1024 0
1298 24 256 1024 0
1299 24 256 1024 0
1300 24 256 1024 0
1301 24 256 1024 1
1302 24 256 1024 0
1303 24 256 1024 0
1304 24 256 1024 0
1305 24 256 1024 0
1306 24 256 1024 0
1307 24 256 1024 0
1308 24 256 1024 0
1309 24 256 1024 0
1310 24 256 1024 0
1311 24 256 1024 0
1312 24 256 1024 0
1313 24 256 1024 0
1314 24 256 1024 1
1315 24 256 1024 0
1316 24 256 1024 0
1317 24 256 1024 0
1318 24 256 1024 0
1319 24 256 1024 0
1320 24 256 1024 0
1321 24 256 1024 0
1322 24 256 1024 0
1323 24 256 1024 0
1324 24 256 1024 0
1325 24 256 1024 0
1326 24 256 1024 0
1327 24 256 1024 1
1328 24 256 1024 1
1329 24 256 1024 1
1330 24 256 1024 1
1331 24 256 1024 1
1332 24 256 1024 1
1333 24 256 1024 1
1334 24 256 1024 0
1335 24 256 1024 0
1336 24 256 1024 0
1337 24 256 1024 0
1338 24 256 1024 0
1339 24 256 1024 0
1340 24 256 1024 0
1341 24 256 1024 0
1342 24 256 1024 0
1343 24 256 1024 0
1344 24 256 1024 0
1345 24 256 1024 0
1346 24 256 1024 1
1347 24 256 1024 0
1348 24 256 1024 0
1349 24 256 1024 0
1350 24 256 1024 0
1351 24 256 1024 0
1352 24 256 1024 0
1353 24 256 1024 0
1354 24 256 1024 0
1355 24 256 1024 0
1356 24 256 1024 0
1357 24 256 1024 0
1358 24 256 1024 0
1359 24 256 1024 1
1360 24 256 1024 0
1361 24 256 1024 0
1362 24 256 1024 0
1363 24 256 1024 0
1364 24 256 1024 0
1365 24 256 1024 0
1366 24 256 1024 0
1367 24 256 1024 0
1368 24 256 1024 0
1369 24 256 1024 0
1370 24 256 1024 0
1371 24 256 1024 0
1372 24 256 1024 1
1373 24 256 1024 0
1374 24 256 1024 0
1375 24 256 1024 0
1376 24 256 1024 0
1377 24 256 1024 0
1378 24 256 1024 0
1379 24 256 1024 0
1380 24 256 1024 0
1381 24 256 1024 0
1382 24 256 1024 0
1383 24 256 1024 0
1384 24 256 1024 0
1385 24 256 1024 1
1386 24 256 1024 1
1387 24 256 1024 1
1388 24 256 1024 1
1389 24 256 1024 1
1390 24 256 1024 1
1391 24 256 1024 1
2388
0 12 1000
1 12 1000
2 12 1000
3 12 1000
4 12 1000
5 12 1000
6 12 1000
7 12 1000
8 12 1000
9 12 1000
10 12 1000
11 12 1000
12 52 1000
12 53 1000
13 25 1000
14 25 1000
15 25 1000
16 25 1000
17 25 1000
18 25 1000
19 25 1000
20 25 1000
21 25 1000
22 25 1000
23 25 1000
24 25 1000
25 53 1000
25 52 1000
26 38 1000
27 38 1000
28 38 1000
29 38 1000
30 38 1000
31 38 1000
32 38 1000
33 38 1000
34 38 1000
35 38 1000
36 38 1000
37 38 1000
38 54 1000
38 55 1000
39 51 1000
40 51 1000
41 51 1000
42 51 1000
43 51 1000
44 51 1000
45 51 1000
46 51 1000
47 51 1000
48 51 1000
49 51 1000
50 51 1000
51 55 1000
51 54 1000
52 56 1000
52 57 1000
53 56 1000
53 57 1000
54 56 1000
54 57 1000
55 56 1000
55 57 1000
56 57 1000
56 114 1000
56 172 1000
56 230 1000
56 288 1000
56 346 1000
56 404 1000
56 462 1000
56 520 1000
56 578 1000
56 636 1000
56 694 1000
56 752 1000
56 810 1000
56 868 1000
56 926 1000
56 984 1000
56 1042 1000
56 1100 1000
56 1158 1000
56 1216 1000
56 1274 1000
56 1332 1000
56 1390 1000
57 114 1000
57 115 1000
57 172 1000
57 173 1000
57 230 1000
57 231 1000
57 288 1000
57 289 1000
57 346 1000
57 347 1000
57 404 1000
57 405 1000
57 462 1000
57 463 1000
57 520 1000
57 521 1000
57 578 1000
57 579 1000
57 636 1000
57 637 1000
57 694 1000
57 695 1000
57 752 1000
57 753 1000
57 810 1000
57 811 1000
57 868 1000
57 869 1000
57 926 1000
57 927 1000
57 984 1000
57 985 1000
57 1042 1000
57 1043 1000
57 1100 1000
57 1101 1000
57 1158 1000
57 1159 1000
57 1216 1000
57 1217 1000
57 1274 1000
57 1275 1000
57 1332 1000
57 1333 1000
57 1390 1000
57 1391 1000
58 70 1000
59 70 1000
60 70 1000
61 70 1000
62 70 1000
63 70 1000
64 70 1000
65 70 1000
66 70 1000
67 70 1000
68 70 1000
69 70 1000
70 110 1000
70 111 1000
71 83 1000
72 83 1000
73 83 1000
74 83 1000
75 83 1000
76 83 1000
77 83 1000
78 83 1000
79 83 1000
80 83 1000
81 83 1000
82 83 1000
83 111 1000
83 110 1000
84 96 1000
85 96 1000
86 96 1000
87 96 1000
88 96 1000
89 96 1000
90 96 1000
91 96 1000
92 96 1000
93 96 1000
94 96 1000
95 96 1000
96 112 1000
96 113 1000
97 109 1000
98 109 1000
99 109 1000
100 109 1000
101 109 1000
102 109 1000
103 109 1000
104 109 1000
105 109 1000
106 109 1000
107 109 1000
108 109 1000
109 113 1000
109 112 1000
110 114 1000
110 115 1000
111 114 1000
111 115 1000
112 114 1000
112 115 1000
113 114 1000
113 115 1000
114 115 1000
114 172 1000
114 230 1000
114 288 1000
114 346 1000
114 404 1000
114 462 1000
114 520 1000
114 578 1000
114 636 1000
114 694 1000
114 752 1000
114 810 1000
114 868 1000
114 926 1000
114 984 1000
114 1042 1000
114 1100 1000
114 1158 1000
114 1216 1000
114 1274 1000
114 1332 1000
114 1390 1000
115 172 1000
115 173 1000
115 230 1000
115 231 1000
115 288 1000
115 289 1000
115 346 1000
115 347 1000
115 404 1000
115 405 1000
115 462 1000
115 463 1000
115 520 1000
115 521 1000
115 578 1000
115 579 1000
115 636 1000
115 637 1000
115 694 1000
115 695 1000
115 752 1000
115 753 1000
115 810 1000
115 811 1000
115 868 1000
115 869 1000
115 926 1000
115 927 1000
115 984 1000
115 985 1000
115 1042 1000
115 1043 1000
115 1100 1000
115 1101 1000
115 1158 1000
115 1159 1000
115 1216 1000
115 1217 1000
115 1274 1000
115 1275 1000
115 1332 1000
115 1333 1000
115 1390 1000
115 1391 1000
116 128 1000
117 128 1000
118 128 1000
119 128 1000
120 128 1000
121 128 1000
122 128 1000
123 128 1000
124 128 1000
125 128 1000
126 128 1000
127 128 1000
128 168 1000
128 169 1000
129 141 1000
130 141 1000
131 141 1000
132 141 1000
133 141 1000
134 141 1000
135 141 1000
136 141 1000
137 141 1000
138 141 1000
139 141 1000
140 141 1000
141 169 1000
141 168 1000
142 154 1000
143 154 1000
144 154 1000
145 154 1000
146 154 1000
147 154 1000
148 154 1000
149 154 1000
150 154 1000
151 154 1000
152 154 1000
153 154 1000
154 170 1000
154 171 1000
155 167 1000
156 167 1000
157 167 1000
158 167 1000
159 167 1000
160 167 1000
161 167 1000
162 167 1000
163 167 1000
164 167 1000
165 167 1000
166 167 1000
167 171 1000
167 170 1000
168 172 1000
168 173 1000
169 172 1000
169 173 1000
170 172 1000
170 173 1000
171 172 1000
171 173 1000
172 173 1000
172 230 1000
172 288 1000
172 346 1000
172 404 1000
172 462 1000
172 520 1000
172 578 1000
172 636 1000
172 694 1000
172 752 1000
172 810 1000
172 868 1000
172 926 1000
172 984 1000
172 1042 1000
172 1100 1000
172 1158 1000
172 1216 1000
172 1274 1000
172 1332 1000
172 1390 1000
173 230 1000
173 231 1000
173 288 1000
173 289 1000
173 346 1000
173 347 1000
173 404 1000
173 405 1000
173 462 1000
173 463 1000
173 520 1000
173 521 1000
173 578 1000
173 579 1000
173 636 1000
173 637 1000
173 694 1000
173 695 1000
173 752 1000
173 753 1000
173 810 1000
173 811 1000
173 868 1000
173 869 1000
173 926 1000
173 927 1000
173 984 1000
173 985 1000
173 1042 1000
173 1043 1000
173 1100 1000
173 1101 1000
173 1158 1000
173 1159 1000
173 1216 1000
173 1217 1000
173 1274 1000
173 1275 1000
173 1332 1000
173 1333 1000
173 1390 1000
173 1391 1000
174 186 1000
175 186 1000
176 186 1000
177 186 1000
178 186 1000
179 186 1000
180 186 1000
181 186 1000
182 186 1000
183 186 1000
184 186 1000
185 186 1000
186 226 1000
186 227 1000
187 199 1000
188 199 1000
189 199 1000
190 199 1000
191 199 1000
192 199 1000
193 199 1000
194 199 1000
195 199 1000
196 199 1000
197 199 1000
198 199 1000
199 227 1000
199 226 1000
200 212 1000
201 212 1000
202 212 1000
203 212 1000
204 212 1000
205 212 1000
206 212 1000
207 212 1000
208 212 1000
209 212 1000
210 212 1000
211 212 1000
212 228 1000
212 229 1000
213 225 1000
214 225 1000
215 225 1000
216 225 1000
217 225 1000
218 225 1000
219 225 1000
220 225 1000
221 225 1000
222 225 1000
223 225 1000
224 225 1000
225 229 1000
225 228 1000
226 230 1000
226 231 1000
227 230 1000
227 231 1000
228 230 1000
228 231 1000
229 230 1000
229 231 1000
230 231 1000
230 288 1000
230 346 1000
230 404 1000
230 462 1000
230 520 1000
230 578 1000
230 636 1000
230 694 1000
230 752 1000
230 810 1000
230 868 1000
230 926 1000
230 984 1000
230 1042 1000
230 1100 1000
230 1158 1000
230 1216 1000
230 1274 1000
230 1332 1000
230 1390 1000
231 288 1000
231 289 1000
231 346 1000
231 347 1000
231 404 1000
231 405 1000
231 462 1000
231 463 1000
231 520 1000
231 521 1000
231 578 1000
231 579 1000
231 636 1000
231 637 1000
231 694 1000
231 695 1000
231 752 1000
231 753 1000
231 810 1000
231 811 1000
231 868 1000
231 869 1000
231 926 1000
231 927 1000
231 984 1000
231 985 1000
231 1042 1000
231 1043 1000
231 1100 1000
231 1101 1000
231 1158 1000
231 1159 1000
231 1216 1000
231 1217 1000
231 1274 1000
231 1275 1000
231 1332 1000
231 1333 1000
231 1390 1000
231 1391 1000
232 244 1000
233 244 1000
234 244 1000
235 244 1000
236 244 1000
237 244 1000
238 244 1000
239 244 1000
240 244 1000
241 244 1000
242 244 1000
243 244 1000
244 284 1000
244 285 1000
245 257 1000
246 257 1000
247 257 1000
248 257 1000
249 257 1000
250 257 1000
251 257 1000
252 257 1000
253 257 1000
254 257 1000
255 257 1000
256 257 1000
257 285 1000
257 284 1000
258 270 1000
259 270 1000
260 270 1000
261 270 1000
262 270 1000
263 270 1000
264 270 1000
265 270 1000
266 270 1000
267 270 1000
268 270 1000
269 270 1000
270 286 1000
270 287 1000
271 283 1000
272 283 1000
273 283 1000
274 283 1000
275 283 1000
276 283 1000
277 283 1000
278 283 1000
279 283 1000
280 283 1000
281 283 1000
282 283 1000
283 287 1000
283 286 1000
284 288 1000
284 289 1000
285 288 1000
285 289 1000
286 288 1000
286 289 1000
287 288 1000
287 289 1000
288 289 1000
288 346 1000
288 404 1000
288 462 1000
288 520 1000
288 578 1000
288 636 1000
288 694 1000
288 752 1000
288 810 1000
288 868 1000
288 926 1000
288 984 1000
288 1042 1000
288 1100 1000
288 1158 1000
288 1216 1000
288 1274 1000
288 1332 1000
288 1390 1000
289 346 1000
289 347 1000
289 404 1000
289 405 1000
289 462 1000
289 463 1000
289 520 1000
289 521 1000
289 578 1000
289 579 1000
289 636 1000
289 637 1000
289 694 1000
289 695 1000
289 752 1000
289 753 1000
289 810 1000
289 811 1000
289 868 1000
289 869 1000
289 926 1000
289 927 1000
289 984 1000
289 985 1000
289 1042 1000
289 1043 1000
289 1100 1000
289 1101 1000
289 1158 1000
289 1159 1000
289 1216 1000
289 1217 1000
289 1274 1000
289 1275 1000
289 1332 1000
289 1333 1000
289 1390 1000
289 1391 1000
290 302 1000
291 302 1000
292 302 1000
293 302 1000
294 302 1000
295 302 1000
296 302 1000
297 302 1000
298 302 1000
299 302 1000
300 302 1000
301 302 1000
302 342 1000
302 343 1000
303 315 1000
304 315 1000
305 315 1000
306 315 1000
307 315 1000
308 315 1000
309 315 1000
310 315 1000
311 315 1000
312 315 1000
313 315 1000
314 315 1000
315 343 1000
315 342 1000
316 328 1000
317 328 1000
318 328 1000
319 328 1000
320 328 1000
321 328 1000
322 328 1000
323 328 1000
324 328 1000
325 328 1000
326 328 1000
327 328 1000
328 344 1000
328 345 1000
329 341 1000
330 341 1000
331 341 1000
332 341 1000
333 341 1000
334 341 1000
335 341 1000
336 341 1000
337 341 1000
338 341 1000
339 341 1000
340 341 1000
341 345 1000
341 344 1000
342 346 1000
342 347 1000
343 346 1000
343 347 1000
344 346 1000
344 347 1000
345 346 1000
345 347 1000
346 347 1000
346 404 1000
346 462 1000
346 520 1000
346 578 1000
346 636 1000
346 694 1000
346 752 1000
346 810 1000
346 868 1000
346 926 1000
346 984 1000
346 1042 1000
346 1100 1000
346 1158 1000
346 1216 1000
346 1274 1000
346 1332 1000
346 1390 1000
347 404 1000
347 405 1000
347 462 1000
347 463 1000
347 520 1000
347 521 1000
347 578 1000
347 579 1000
347 636 1000
347 637 1000
347 694 1000
347 695 1000
347 752 1000
347 753 1000
347 810 1000
347 811 1000
347 868 1000
347 869 1000
347 926 1000
347 927 1000
347 984 1000
347 985 1000
347 1042 1000
347 1043 1000
347 1100 1000
347 1101 1000
347 1158 1000
347 1159 1000
347 1216 1000
347 1217 1000
347 1274 1000
347 1275 1000
347 1332 1000
347 1333 1000
347 1390 1000
347 1391 1000
348 360 1000
349 360 1000
350 360 1000
351 360 1000
352 360 1000
353 360 1000
354 360 1000
355 360 1000
356 360 1000
357 360 1000
358 360 1000
359 360 1000
360 400 1000
360 401 1000
361 373 1000
362 373 1000
363 373 1000
364 373 1000
365 373 1000
366 373 1000
367 373 1000
368 373 1000
369 373 1000
370 373 1000
371 373 1000
372 373 1000
373 401 1000
373 400 1000
374 386 1000
375 386 1000
376 386 1000
377 386 1000
378 386 1000
379 386 1000
380 386 1000
381 386 1000
382 386 1000
383 386 1000
384 386 1000
385 386 1000
386 402 1000
386 403 1000
387 399 1000
388 399 1000
389 399 1000
390 399 1000
391 399 1000
392 399 1000
393 399 1000
394 399 1000
395 399 1000
396 399 1000
397 399 1000
398 399 1000
399 403 1000
399 402 1000
400 404 1000
400 405 1000
401 404 1000
401 405 1000
402 404 1000
402 405 1000
403 404 1000
403 405 1000
404 405 1000
404 462 1000
404 520 1000
404 578 1000
404 636 1000
404 694 1000
404 752 1000
404 810 1000
404 868 1000
404 926 1000
404 984 1000
404 1042 1000
404 1100 1000
404 1158 1000
404 1216 1000
404 1274 1000
404 1332 1000
404 1390 1000
405 462 1000
405 463 1000
405 520 1000
405 521 1000
405 578 1000
405 579 1000
405 636 1000
405 637 1000
405 694 1000
405 695 1000
405 752 1000
405 753 1000
405 810 1000
405 811 1000
405 868 1000
405 869 1000
405 926 1000
405 927 1000
405 984 1000
405 985 1000
405 1042 1000
405 1043 1000
405 1100 1000
405 1101 1000
405 1158 1000
405 1159 1000
405 1216 1000
405 1217 1000
405 1274 1000
405 1275 1000
405 1332 1000
405 1333 1000
405 1390 1000
405 1391 1000
406 418 1000
407 418 1000
408 418 1000
409 418 1000
410 418 1000
411 418 1000
412 418 1000
413 418 1000
414 418 1000
415 418 1000
416 418 1000
417 418 1000
418 458 1000
418 459 1000
419 431 1000
420 431 1000
421 431 1000
422 431 1000
423 431 1000
424 431 1000
425 431 1000
426 431 1000
427 431 1000
428 431 1000
429 431 1000
430 431 1000
431 459 1000
431 458 1000
432 444 1000
433 444 1000
434 444 1000
435 444 1000
436 444 1000
437 444 1000
438 444 1000
439 444 1000
440 444 1000
441 444 1000
442 444 1000
443 444 1000
444 460 1000
444 461 1000
445 457 1000
446 457 1000
447 457 1000
448 457 1000
449 457 1000
450 457 1000
451 457 1000
452 457 1000
453 457 1000
454 457 1000
455 457 1000
456 457 1000
457 461 1000
457 460 1000
458 462 1000
458 463 1000
459 462 1000
459 463 1000
460 462 1000
460 463 1000
461 462 1000
461 463 1000
462 463 1000
462 520 1000
462 578 1000
462 636 1000
462 694 1000
462 752 1000
462 810 1000
462 868 1000
462 926 1000
462 984 1000
462 1042 1000
462 1100 1000
462 1158 1000
462 1216 1000
462 1274 1000
462 1332 1000
462 1390 1000
463 520 1000
463 521 1000
463 578 1000
463 579 1000
463 636 1000
463 637 1000
463 694 1000
463 695 1000
463 752 1000
463 753 1000
463 810 1000
463 811 1000
463 868 1000
463 869 1000
463 926 1000
463 927 1000
463 984 1000
463 985 1000
463 1042 1000
463 1043 1000
463 1100 1000
463 1101 1000
463 1158 1000
463 1159 1000
463 1216 1000
463 1217 1000
463 1274 1000
463 1275 1000
463 1332 1000
463 1333 1000
463 1390 1000
463 1391 1000
464 476 1000
465 476 1000
466 476 1000
467 476 1000
468 476 1000
469 476 1000
470 476 1000
471 476 1000
472 476 1000
473 476 1000
474 476 1000
475 476 1000
476 516 1000
476 517 1000
477 489 1000
478 489 1000
479 489 1000
480 489 1000
481 489 1000
482 489 1000
483 489 1000
484 489 1000
485 489 1000
486 489 1000
487 489 1000
488 489 1000
489 517 1000
489 516 1000
490 502 1000
491 502 1000
492 502 1000
493 502 1000
494 502 1000
495 502 1000
496 502 1000
497 502 1000
498 502 1000
499 502 1000
500 502 1000
501 502 1000
502 518 1000
502 519 1000
503 515 1000
504 515 1000
505 515 1000
506 515 1000
507 515 1000
508 515 1000
509 515 1000
510 515 1000
511 515 1000
512 515 1000
513 515 1000
514 515 1000
515 519 1000
515 518 1000
516 520 1000
516 521 1000
517 520 1000
517 521 1000
518 520 1000
518 521 1000
519 520 1000
519 521 1000
520 521 1000
520 578 1000
520 636 1000
520 694 1000
520 752 1000
520 810 1000
520 868 1000
520 926 1000
520 984 1000
520 1042 1000
520 1100 1000
520 1158 1000
520 1216 1000
520 1274 1000
520 1332 1000
520 1390 1000
521 578 1000
521 579 1000
521 636 1000
521 637 1000
521 694 1000
521 695 1000
521 752 1000
521 753 1000
521 810 1000
521 811 1000
521 868 1000
521 869 1000
521 926 1000
521 927 1000
521 984 1000
521 985 1000
521 1042 1000
521 1043 1000
521 1100 1000
521 1101 1000
521 1158 1000
521 1159 1000
521 1216 1000
521 1217 1000
521 1274 1000
521 1275 1000
521 1332 1000
521 1333 1000
521 1390 1000
521 1391 1000
522 534 1000
523 534 1000
524 534 1000
525 534 1000
526 534 1000
527 534 1000
528 534 1000
529 534 1000
530 534 1000
531 534 1000
532 534 1000
533 534 1000
534 574 1000
534 575 1000
535 547 1000
536 547 1000
537 547 1000
538 547 1000
539 547 1000
540 547 1000
541 547 1000
542 547 1000
543 547 1000
544 547 1000
545 547 1000
546 547 1000
547 575 1000
547 574 1000
548 560 1000
549 560 1000
550 560 1000
551 560 1000
552 560 1000
553 560 1000
554 560 1000
555 560 1000
556 560 1000
557 560 1000
558 560 1000
559 560 1000
560 576 1000
560 577 1000
561 573 1000
562 573 1000
563 573 1000
564 573 1000
565 573 1000
566 573 1000
567 573 1000
568 573 1000
569 573 1000
570 573 1000
571 573 1000
572 573 1000
573 577 1000
573 576 1000
574 578 1000
574 579 1000
575 578 1000
575 579 1000
576 578 1000
576 579 1000
577 578 1000
577 579 1000
578 579 1000
578 636 1000
578 694 1000
578 752 1000
578 810 1000
578 868 1000
578 926 1000
578 984 1000
578 1042 1000
578 1100 1000
578 1158 1000
578 1216 1000
578 1274 1000
578 1332 1000
578 1390 1000
579 636 1000
579 637 1000
579 694 1000
579 695 1000
579 752 1000
579 753 1000
579 810 1000
579 811 1000
579 868 1000
579 869 1000
579 926 1000
579 927 1000
579 984 1000
579 985 1000
579 1042 1000
579 1043 1000
579 1100 1000
579 1101 1000
579 1158 1000
579 1159 1000
579 1216 1000
579 1217 1000
579 1274 1000
579 1275 1000
579 1332 1000
579 1333 1000
579 1390 1000
579 1391 1000
580 592 1000
581 592 1000
582 592 1000
583 592 1000
584 592 1000
585 592 1000
586 592 1000
587 592 1000
588 592 1000
589 592 1000
590 592 1000
591 592 1000
592 632 1000
592 633 1000
593 605 1000
594 605 1000
595 605 1000
596 605 1000
597 605 1000
598 605 1000
599 605 1000
600 605 1000
601 605 1000
602 605 1000
603 605 1000
604 605 1000
605 633 1000
605 632 1000
606 618 1000
607 618 1000
608 618 1000
609 618 1000
610 618 1000
611 618 1000
612 618 1000
613 618 1000
614 618 1000
615 618 1000
616 618 1000
617 618 1000
618 634 1000
618 635 1000
619 631 1000
620 631 1000
621 631 1000
622 631 1000
623 631 1000
624 631 1000
625 631 1000
626 631 1000
627 631 1000
628 631 1000
629 631 1000
630 631 1000
631 635 1000
631 634 1000
632 636 1000
632 637 1000
633 636 1000
633 637 1000
634 636 1000
634 637 1000
635 636 1000
635 637 1000
636 637 1000
636 694 1000
636 752 1000
636 810 1000
636 868 1000
636 926 1000
636 984 1000
636 1042 1000
636 1100 1000
636 1158 1000
636 1216 1000
636 1274 1000
636 1332 1000
636 1390 1000
637 694 1000
637 695 1000
637 752 1000
637 753 1000
637 810 1000
637 811 1000
637 868 1000
637 869 1000
637 926 1000
637 927 1000
637 984 1000
637 985 1000
637 1042 1000
637 1043 1000
637 1100 1000
637 1101 1000
637 1158 1000
637 1159 1000
637 1216 1000
637 1217 1000
637 1274 1000
637 1275 1000
637 1332 1000
637 1333 1000
637 1390 1000
637 1391 1000
638 650 1000
639 650 1000
640 650 1000
641 650 1000
642 650 1000
643 650 1000
644 650 1000
645 650 1000
646 650 1000
647 650 1000
648 650 1000
649 650 1000
650 690 1000
650 691 1000
651 663 1000
652 663 1000
653 663 1000
654 663 1000
655 663 1000
656 663 1000
657 663 1000
658 663 1000
659 663 1000
660 663 1000
661 663 1000
662 663 1000
663 691 1000
663 690 1000
664 676 1000
665 676 1000
666 676 1000
667 676 1000
668 676 1000
669 676 1000
670 676 1000
671 676 1000
672 676 1000
673 676 1000
674 676 1000
675 676 1000
676 692 1000
676 693 1000
677 689 1000
678 689 1000
679 689 1000
680 689 1000
681 689 1000
682 689 1000
683 689 1000
684 689 1000
685 689 1000
686 689 1000
687 689 1000
688 689 1000
689 693 1000
689 692 1000
690 694 1000
690 695 1000
691 694 1000
691 695 1000
692 694 1000
692 695 1000
693 694 1000
693 695 1000
694 695 1000
694 752 1000
694 810 1000
694 868 1000
694 926 1000
694 984 1000
694 1042 1000
694 1100 1000
694 1158 1000
694 1216 1000
694 1274 1000
694 1332 1000
694 1390 1000
695 752 1000
695 753 1000
695 810 1000
695 811 1000
695 868 1000
695 869 1000
695 926 1000
695 927 1000
695 984 1000
695 985 1000
695 1042 1000
695 1043 1000
695 1100 1000
695 1101 1000
695 1158 1000
695 1159 1000
695 1216 1000
695 1217 1000
695 1274 1000
695 1275 1000
695 1332 1000
695 1333 1000
695 1390 1000
695 1391 1000
696 708 1000
697 708 1000
698 708 1000
699 708 1000
700 708 1000
701 708 1000
702 708 1000
703 708 1000
704 708 1000
705 708 1000
706 708 1000
707 708 1000
708 748 1000
708 749 1000
709 721 1000
710 721 1000
711 721 1000
712 721 1000
713 721 1000
714 721 1000
715 721 1000
716 721 1000
717 721 1000
718 721 1000
719 721 1000
720 721 1000
721 749 1000
721 748 1000
722 734 1000
723 734 1000
724 734 1000
725 734 1000
726 734 1000
727 734 1000
728 734 1000
729 734 1000
730 734 1000
731 734 1000
732 734 1000
733 734 1000
734 750 1000
734 751 1000
735 747 1000
736 747 1000
737 747 1000
738 747 1000
739 747 1000
740 747 1000
741 747 1000
742 747 1000
743 747 1000
744 747 1000
745 747 1000
746 747 1000
747 751 1000
747 750 1000
748 752 1000
748 753 1000
749 752 1000
749 753 1000
750 752 1000
750 753 1000
751 752 1000
751 753 1000
752 753 1000
752 810 1000
752 868 1000
752 926 1000
752 984 1000
752 1042 1000
752 1100 1000
752 1158 1000
752 1216 1000
752 1274 1000
752 1332 1000
752 1390 1000
753 810 1000
753 811 1000
753 868 1000
753 869 1000
753 926 1000
753 927 1000
753 984 1000
753 985 1000
753 1042 1000
753 1043 1000
753 1100 1000
753 1101 1000
753 1158 1000
753 1159 1000
753 1216 1000
753 1217 1000
753 1274 1000
753 1275 1000
753 1332 1000
753 1333 1000
753 1390 1000
753 1391 1000
754 766 1000
755 766 1000
756 766 1000
757 766 1000
758 766 1000
759 766 1000
760 766 1000
761 766 1000
762 766 1000
763 766 1000
764 766 1000
765 766 1000
766 806 1000
766 807 1000
767 779 1000
768 779 1000
769 779 1000
770 779 1000
771 779 1000
772 779 1000
773 779 1000
774 779 1000
775 779 1000
776 779 1000
777 779 1000
778 779 1000
779 807 1000
779 806 1000
780 792 1000
781 792 1000
782 792 1000
783 792 1000
784 792 1000
785 792 1000
786 792 1000
787 792 1000
788 792 1000
789 792 1000
790 792 1000
791 792 1000
792 808 1000
792 809 1000
793 805 1000
794 805 1000
795 805 1000
796 805 1000
797 805 1000
798 805 1000
799 805 1000
800 805 1000
801 805 1000
802 805 1000
803 805 1000
804 805 1000
805 809 1000
805 808 1000
806 810 1000
806 811 1000
807 810 1000
807 811 1000
808 810 1000
808 811 1000
809 810 1000
809 811 1000
810 811 1000
810 868 1000
810 926 1000
810 984 1000
810 1042 1000
810 1100 1000
810 1158 1000
810 1216 1000
810 1274 1000
810 1332 1000
810 1390 1000
811 868 1000
811 869 1000
811 926 1000
811 927 1000
811 984 1000
811 985 1000
811 1042 1000
811 1043 1000
811 1100 1000
811 1101 1000
811 1158 1000
811 1159 1000
811 1216 1000
811 1217 1000
811 1274 1000
811 1275 1000
811 1332 1000
811 1333 1000
811 1390 1000
811 1391 1000
812 824 1000
813 824 1000
814 824 1000
815 824 1000
816 824 1000
817 824 1000
818 824 1000
819 824 1000
820 824 1000
821 824 1000
822 824 1000
823 824 1000
824 864 1000
824 865 1000
825 837 1000
826 837 1000
827 837 1000
828 837 1000
829 837 1000
830 837 1000
831 837 1000
832 837 1000
833 837 1000
834 837 1000
835 837 1000
836 837 1000
837 865 1000
837 864 1000
838 850 1000
839 850 1000
840 850 1000
841 850 1000
842 850 1000
843 850 1000
844 850 1000
845 850 1000
846 850 1000
847 850 1000
848 850 1000
849 850 1000
850 866 1000
850 867 1000
851 863 1000
852 863 1000
853 863 1000
854 863 1000
855 863 1000
856 863 1000
857 863 1000
858 863 1000
859 863 1000
860 863 1000
861 863 1000
862 863 1000
863 867 1000
863 866 1000
864 868 1000
864 869 1000
865 868 1000
865 869 1000
866 868 1000
866 869 1000
867 868 1000
867 869 1000
868 869 1000
868 926 1000
868 984 1000
868 1042 1000
868 1100 1000
868 1158 1000
868 1216 1000
868 1274 1000
868 1332 1000
868 1390 1000
869 926 1000
869 927 1000
869 984 1000
869 985 1000
869 1042 1000
869 1043 1000
869 1100 1000
869 1101 1000
869 1158 1000
869 1159 1000
869 1216 1000
869 1217 1000
869 1274 1000
869 1275 1000
869 1332 1000
869 1333 1000
869 1390 1000
869 1391 1000
870 882 1000
871 882 1000
872 882 1000
873 882 1000
874 882 1000
875 882 1000
876 882 1000
877 882 1000
878 882 1000
879 882 1000
880 882 1000
881 882 1000
882 922 1000
882 923 1000
883 895 1000
884 895 1000
885 895 1000
886 895 1000
887 895 1000
888 895 1000
889 895 1000
890 895 1000
891 895 1000
892 895 1000
893 895 1000
894 895 1000
895 923 1000
895 922 1000
896 908 1000
897 908 1000
898 908 1000
899 908 1000
900 908 1000
901 908 1000
902 908 1000
903 908 1000
904 908 1000
905 908 1000
906 908 1000
907 908 1000
908 924 1000
908 925 1000
909 921 1000
910 921 1000
911 921 1000
912 921 1000
913 921 1000
914 921 1000
915 921 1000
916 921 1000
917 921 1000
918 921 1000
919 921 1000
920 921 1000
921 925 1000
921 924 1000
922 926 1000
922 927 1000
923 926 1000
923 927 1000
924 926 1000
924 927 1000
925 926 1000
925 927 1000
926 927 1000
926 984 1000
926 1042 1000
926 1100 1000
926 1158 1000
926 1216 1000
926 1274 1000
926 1332 1000
926 1390 1000
927 984 1000
927 985 1000
927 1042 1000
927 1043 1000
927 1100 1000
927 1101 1000
927 1158 1000
927 1159 1000
927 1216 1000
927 1217 1000
927 1274 1000
927 1275 1000
927 1332 1000
927 1333 1000
927 1390 1000
927 1391 1000
928 940 1000
929 940 1000
930 940 1000
931 940 1000
932 940 1000
933 940 1000
934 940 1000
935 940 1000
936 940 1000
937 940 1000
938 940 1000
939 940 1000
940 980 1000
940 981 1000
941 953 1000
942 953 1000
943 953 1000
944 953 1000
945 953 1000
946 953 1000
947 953 1000
948 953 1000
949 953 1000
950 953 1000
951 953 1000
952 953 1000
953 981 1000
953 980 1000
954 966 1000
955 966 1000
956 966 1000
957 966 1000
958 966 1000
959 966 1000
960 966 1000
961 966 1000
962 966 1000
963 966 1000
964 966 1000
965 966 1000
966 982 1000
966 983 1000
967 979 1000
968 979 1000
969 979 1000
970 979 1000
971 979 1000
972 979 1000
973 979 1000
974 979 1000
975 979 1000
976 979 1000
977 979 1000
978 979 1000
979 983 1000
979 982 1000
980 984 1000
980 985 1000
981 984 1000
981 985 1000
982 984 1000
982 985 1000
983 984 1000
983 985 1000
984 985 1000
984 1042 1000
984 1100 1000
984 1158 1000
984 1216 1000
984 1274 1000
984 1332 1000
984 1390 1000
985 1042 1000
985 1043 1000
985 1100 1000
985 1101 1000
985 1158 1000
985 1159 1000
985 1216 1000
985 1217 1000
985 1274 1000
985 1275 1000
985 1332 1000
985 1333 1000
985 1390 1000
985 1391 1000
986 998 1000
987 998 1000
988 998 1000
989 998 1000
990 998 1000
991 998 1000
992 998 1000
993 998 1000
994 998 1000
995 998 1000
996 998 1000
997 998 1000
998 1038 1000
998 1039 1000
999 1011 1000
1000 1011 1000
1001 1011 1000
1002 1011 1000
1003 1011 1000
1004 1011 1000
1005 1011 1000
1006 1011 1000
1007 1011 1000
1008 1011 1000
1009 1011 1000
1010 1011 1000
1011 1039 1000
1011 1038 1000
1012 1024 1000
1013 1024 1000
1014 1024 1000
1015 1024 1000
1016 1024 1000
1017 1024 1000
1018 1024 1000
1019 1024 1000
1020 1024 1000
1021 1024 1000
1022 1024 1000
1023 1024 1000
1024 1040 1000
1024 1041 1000
1025 1037 1000
1026 1037 1000
1027 1037 1000
1028 1037 1000
1029 1037 1000
1030 1037 1000
1031 1037 1000
1032 1037 1000
1033 1037 1000
1034 1037 1000
1035 1037 1000
1036 1037 1000
1037 1041 1000
1037 1040 1000
1038 1042 1000
1038 1043 1000
1039 1042 1000
1039 1043 1000
1040 1042 1000
1040 1043 1000
1041 1042 1000
1041 1043 1000
1042 1043 1000
1042 1100 1000
1042 1158 1000
1042 1216 1000
1042 1274 1000
1042 1332 1000
1042 1390 1000
1043 1100 1000
1043 1101 1000
1043 1158 1000
1043 1159 1000
1043 1216 1000
1043 1217 1000
1043 1274 1000
1043 1275 1000
1043 1332 1000
1043 1333 1000
1043 1390 1000
1043 1391 1000
1044 1056 1000
1045 1056 1000
1046 1056 1000
1047 1056 1000
1048 1056 1000
1049 1056 1000
1050 1056 1000
1051 1056 1000
1052 1056 1000
1053 1056 1000
1054 1056 1000
1055 1056 1000
1056 1096 1000
1056 1097 1000
1057 1069 1000
1058 1069 1000
1059 1069 1000
1060 1069 1000
1061 1069 1000
1062 1069 1000
1063 1069 1000
1064 1069 1000
1065 1069 1000
1066 1069 1000
1067 1069 1000
1068 1069 1000
1069 1097 1000
1069 1096 1000
1070 1082 1000
1071 1082 1000
1072 1082 1000
1073 1082 1000
1074 1082 1000
1075 1082 1000
1076 1082 1000
1077 1082 1000
1078 1082 1000
1079 1082 1000
1080 1082 1000
1081 1082 1000
1082 1098 1000
1082 1099 1000
1083 1095 1000
1084 1095 1000
1085 1095 1000
1086 1095 1000
1087 1095 1000
1088 1095 1000
1089 1095 1000
1090 1095 1000
1091 1095 1000
1092 1095 1000
1093 1095 1000
1094 1095 1000
1095 1099 1000
1095 1098 1000
1096 1100 1000
1096 1101 1000
1097 1100 1000
1097 1101 1000
1098 1100 1000
1098 1101 1000
1099 1100 1000
1099 1101 1000
1100 1101 1000
1100 1158 1000
1100 1216 1000
1100 1274 1000
1100 1332 1000
1100 1390 1000
1101 1158 1000
1101 1159 1000
1101 1216 1000
1101 1217 1000
1101 1274 1000
1101 1275 1000
1101 1332 1000
1101 1333 1000
1101 1390 1000
1101 1391 1000
1102 1114 1000
1103 1114 1000
1104 1114 1000
1105 1114 1000
1106 1114 1000
1107 1114 1000
1108 1114 1000
1109 1114 1000
1110 1114 1000
1111 1114 1000
1112 1114 1000
1113 1114 1000
1114 1154 1000
1114 1155 1000
1115 1127 1000
1116 1127 1000
1117 1127 1000
1118 1127 1000
1119 1127 1000
1120 1127 1000
1121 1127 1000
1122 1127 1000
1123 1127 1000
1124 1127 1000
1125 1127 1000
1126 1127 1000
1127 1155 1000
1127 1154 1000
1128 1140 1000
1129 1140 1000
1130 1140 1000
1131 1140 1000
1132 1140 1000
1133 1140 1000
1134 1140 1000
1135 1140 1000
1136 1140 1000
1137 1140 1000
1138 1140 1000
1139 1140 1000
1140 1156 1000
1140 1157 1000
1141 1153 1000
1142 1153 1000
1143 1153 1000
1144 1153 1000
1145 1153 1000
1146 1153 1000
1147 1153 1000
1148 1153 1000
1149 1153 1000
1150 1153 1000
1151 1153 1000
1152 1153 1000
1153 1157 1000
1153 1156 1000
1154 1158 1000
1154 1159 1000
1155 1158 1000
1155 1159 1000
1156 1158 1000
1156 1159 1000
1157 1158 1000
1157 1159 1000
1158 1159 1000
1158 1216 1000
1158 1274 1000
1158 1332 1000
1158 1390 1000
1159 1216 1000
1159 1217 1000
1159 1274 1000
1159 1275 1000
1159 1332 1000
1159 1333 1000
1159 1390 1000
1159 1391 1000
1160 1172 1000
1161 1172 1000
1162 1172 1000
1163 1172 1000
1164 1172 1000
1165 1172 1000
1166 1172 1000
1167 1172 1000
1168 1172 1000
1169 1172 1000
1170 1172 1000
1171 1172 1000
1172 1212 1000
1172 1213 1000
1173 1185 1000
1174 1185 1000
1175 1185 1000
1176 1185 1000
1177 1185 1000
1178 1185 1000
1179 1185 1000
1180 1185 1000
1181 1185 1000
1182 1185 1000
1183 1185 1000
1184 1185 1000
1185 1213 1000
1185 1212 1000
1186 1198 1000
1187 1198 1000
1188 1198 1000
1189 1198 1000
1190 1198 1000
1191 1198 1000
1192 1198 1000
1193 1198 1000
1194 1198 1000
1195 1198 1000
1196 1198 1000
1197 1198 1000
1198 1214 1000
1198 1215 1000
1199 1211 1000
1200 1211 1000
1201 1211 1000
1202 1211 1000
1203 1211 1000
1204 1211 1000
1205 1211 1000
1206 1211 1000
1207 1211 1000
1208 1211 1000
1209 1211 1000
1210 1211 1000
1211 1215 1000
1211 1214 1000
1212 1216 1000
1212 1217 1000
1213 1216 1000
1213 1217 1000
1214 1216 1000
1214 1217 1000
1215 1216 1000
1215 1217 1000
1216 1217 1000
1216 1274 1000
1216 1332 1000
1216 1390 1000
1217 1274 1000
1217 1275 1000
1217 1332 1000
1217 1333 1000
1217 1390 1000
1217 1391 1000
1218 1230 1000
1219 1230 1000
1220 1230 1000
1221 1230 1000
1222 1230 1000
1223 1230 1000
1224 1230 1000
1225 1230 1000
1226 1230 1000
1227 1230 1000
1228 1230 1000
1229 1230 1000
1230 1270 1000
1230 1271 1000
1231 1243 1000
1232 1243 1000
1233 1243 1000
1234 1243 1000
1235 1243 1000
1236 1243 1000
1237 1243 1000
1238 1243 1000
1239 1243 1000
1240 1243 1000
1241 1243 1000
1242 1243 1000
1243 1271 1000
1243 1270 1000
1244 1256 1000
1245 1256 1000
1246 1256 1000
1247 1256 1000
1248 1256 1000
1249 1256 1000
1250 1256 1000
1251 1256 1000
1252 1256 1000
1253 1256 1000
1254 1256 1000
1255 1256 1000
1256 1272 1000
1256 1273 1000
1257 1269 1000
1258 1269 1000
1259 1269 1000
1260 1269 1000
1261 1269 1000
1262 1269 1000
1263 1269 1000
1264 1269 1000
1265 1269 1000
1266 1269 1000
1267 1269 1000
1268 1269 1000
1269 1273 1000
1269 1272 1000
1270 1274 1000
1270 1275 1000
1271 1274 1000
1271 1275 1000
1272 1274 1000
1272 1275 1000
1273 1274 1000
1273 1275 1000
1274 1275 1000
1274 1332 1000
1274 1390 1000
1275 1332 1000
1275 1333 1000
1275 1390 1000
1275 1391 1000
1276 1288 1000
1277 1288 1000
1278 1288 1000
1279 1288 1000
1280 1288 1000
1281 1288 1000
1282 1288 1000
1283 1288 1000
1284 1288 1000
1285 1288 1000
1286 1288 1000
1287 1288 1000
1288 1328 1000
1288 1329 1000
1289 1301 1000
1290 1301 1000
1291 1301 1000
1292 1301 1000
1293 1301 1000
1294 1301 1000
1295 1301 1000
1296 1301 1000
1297 1301 1000
1298 1301 1000
1299 1301 1000
1300 1301 1000
1301 1329 1000
1301 1328 1000
1302 1314 1000
1303 1314 1000
1304 1314 1000
1305 1314 1000
1306 1314 1000
1307 1314 1000
1308 1314 1000
1309 1314 1000
1310 1314 1000
1311 1314 1000
1312 1314 1000
1313 1314 1000
1314 1330 1000
1314 1331 1000
1315 1327 1000
1316 1327 1000
1317 1327 1000
1318 1327 1000
1319 1327 1000
1320 1327 1000
1321 1327 1000
1322 1327 1000
1323 1327 1000
1324 1327 1000
1325 1327 1000
1326 1327 1000
1327 1331 1000
1327 1330 1000
1328 1332 1000
1328 1333 1000
1329 1332 1000
1329 1333 1000
1330 1332 1000
1330 1333 1000
1331 1332 1000
1331 1333 1000
1332 1333 1000
1332 1390 1000
1333 1390 1000
1333 1391 1000
1334 1346 1000
1335 1346 1000
1336 1346 1000
1337 1346 1000
1338 1346 1000
1339 1346 1000
1340 1346 1000
1341 1346 1000
1342 1346 1000
1343 1346 1000
1344 1346 1000
1345 1346 1000
1346 1386 1000
1346 1387 1000
1347 1359 1000
1348 1359 1000
1349 1359 1000
1350 1359 1000
1351 1359 1000
1352 1359 1000
1353 1359 1000
1354 1359 1000
1355 1359 1000
1356 1359 1000
1357 1359 1000
1358 1359 1000
1359 1387 1000
1359 1386 1000
1360 1372 1000
1361 1372 1000
1362 1372 1000
1363 1372 1000
1364 1372 1000
1365 1372 1000
1366 1372 1000
1367 1372 1000
1368 1372 1000
1369 1372 1000
1370 1372 1000
1371 1372 1000
1372 1388 1000
1372 1389 1000
1373 1385 1000
1374 1385 1000
1375 1385 1000
1376 1385 1000
1377 1385 1000
1378 1385 1000
1379 1385 1000
1380 1385 1000
1381 1385 1000
1382 1385 1000
1383 1385 1000
1384 1385 1000
1385 1389 1000
1385 1388 1000
1386 1390 1000
1386 1391 1000
1387 1390 1000
1387 1391 1000
1388 1390 1000
1388 1391 1000
1389 1390 1000
1389 1391 1000
1390 1391 1000
