87
0 6 4 8 1
1 3 1 64 0
2 5 16 32 0
3 7 16 32 0
4 8 32 16 0
5 8 32 8 0
6 8 1 32 0
7 8 8 32 0
8 3 2 8 0
9 6 16 16 0
10 3 1 8 0
11 6 32 32 0
12 4 2 128 0
13 7 4 8 0
14 8 32 8 0
15 8 2 8 0
16 4 4 128 0
17 8 2 32 0
18 2 16 32 0
19 7 32 64 0
20 8 16 32 0
21 8 4 128 0
22 7 4 8 0
23 5 4 32 0
24 4 2 32 0
25 3 32 128 0
26 4 32 16 0
27 7 8 8 0
28 5 2 64 0
29 3 2 8 0
30 5 8 32 0
31 1 8 64 0
32 7 2 32 0
33 6 1 64 0
34 1 16 64 0
35 8 2 16 0
36 8 16 128 0
37 1 2 16 0
38 6 4 32 0
39 2 1 64 0
40 8 8 16 0
41 4 8 64 0
42 2 1 8 0
43 2 16 8 0
44 7 8 64 0
45 1 16 128 0
46 2 2 64 0
47 6 4 64 0
48 1 32 128 0
49 7 4 8 0
50 7 32 64 0
51 2 32 64 0
52 6 4 32 0
53 3 16 32 0
54 4 8 128 0
55 1 32 128 0
56 1 8 64 0
57 4 8 16 0
58 5 1 16 0
59 2 4 8 0
60 2 32 16 0
61 2 16 128 0
62 3 4 64 0
63 7 2 64 0
64 5 8 32 0
65 3 1 128 0
66 4 2 16 0
67 6 1 64 0
68 5 16 64 0
69 2 16 16 0
70 8 32 64 0
71 5 8 64 0
72 3 1 64 0
73 5 8 16 0
74 1 16 128 0
75 5 1 16 0
76 3 4 64 0
77 1 4 128 0
78 6 16 16 0
79 2 4 128 0
80 7 8 64 0
81 2 8 128 0
82 1 16 128 0
83 3 1 128 0
84 5 4 32 0
85 2 32 64 0
86 3 4 128 0
86
0 1 28
0 2 82
0 3 72
0 4 66
0 5 89
0 6 30
0 7 72
0 8 14
0 9 15
0 10 91
0 11 81
0 12 59
0 13 1
0 14 32
0 15 75
0 16 30
0 17 38
0 18 6
0 19 73
0 20 48
0 21 9
0 22 99
0 23 35
0 24 37
0 25 39
0 26 46
0 27 94
0 28 21
0 29 27
0 30 28
0 31 27
0 32 23
0 33 60
0 34 7
0 35 55
0 36 38
0 37 1
0 38 63
0 39 87
0 40 28
0 41 36
0 42 4
0 43 39
0 44 90
0 45 58
0 46 27
0 47 45
0 48 77
0 49 24
0 50 30
0 51 41
0 52 8
0 53 100
0 54 36
0 55 51
0 56 18
0 57 20
0 58 40
0 59 76
0 60 99
0 61 4
0 62 51
0 63 92
0 64 45
0 65 73
0 66 97
0 67 78
0 68 69
0 69 38
0 70 73
0 71 45
0 72 93
0 73 45
0 74 72
0 75 35
0 76 18
0 77 82
0 78 27
0 79 59
0 80 50
0 81 97
0 82 64
0 83 65
0 84 94
0 85 16
0 86 95
