68
0 2 1 32 1
1 1 16 64 0
2 5 8 16 0
3 3 1 32 0
4 6 4 32 0
5 2 8 64 0
6 5 4 16 0
7 3 8 128 0
8 8 8 128 0
9 4 2 64 0
10 2 4 32 0
11 7 2 64 0
12 1 16 64 0
13 6 8 8 0
14 5 2 16 0
15 4 1 16 0
16 5 4 128 0
17 6 4 64 0
18 3 16 16 0
19 8 8 128 0
20 3 1 32 0
21 1 8 16 0
22 4 1 8 0
23 5 8 64 0
24 8 2 16 0
25 6 2 64 0
26 2 4 64 0
27 4 16 64 0
28 8 1 16 0
29 5 16 8 0
30 3 8 8 0
31 7 4 32 0
32 3 4 32 0
33 5 16 128 0
34 6 16 64 0
35 7 32 32 0
36 6 1 128 0
37 3 16 64 0
38 5 32 128 0
39 3 32 128 0
40 1 32 64 0
41 6 8 128 0
42 7 16 128 0
43 3 2 8 0
44 3 4 32 0
45 1 8 128 0
46 5 1 64 0
47 1 32 128 0
48 6 2 128 0
49 2 16 8 0
50 8 32 16 0
51 6 1 16 0
52 3 4 64 0
53 6 2 32 0
54 3 8 8 0
55 5 8 16 0
56 8 16 16 0
57 5 1 128 0
58 4 16 128 0
59 2 1 32 0
60 4 4 128 0
61 4 32 8 0
62 4 8 64 0
63 5 2 64 0
64 5 32 128 0
65 7 1 128 0
66 7 16 8 0
67 4 4 128 0
67
0 1 47
0 2 62
0 3 86
0 4 31
0 5 32
0 6 19
0 7 62
0 8 7
0 9 82
0 10 32
0 11 61
0 12 96
0 13 85
0 14 89
0 15 80
0 16 98
0 17 76
0 18 23
0 19 51
0 20 31
0 21 19
0 22 19
0 23 92
0 24 15
0 25 35
0 26 11
0 27 36
0 28 79
0 29 87
0 30 95
0 31 49
0 32 83
0 33 44
0 34 53
0 35 100
0 36 40
0 37 58
0 38 82
0 39 98
0 40 23
0 41 69
0 42 60
0 43 88
0 44 75
0 45 71
0 46 96
0 47 26
0 48 41
0 49 15
0 50 81
0 51 63
0 52 7
0 53 42
0 54 67
0 55 81
0 56 28
0 57 91
0 58 29
0 59 41
0 60 77
0 61 6
0 62 92
0 63 95
0 64 57
0 65 99
0 66 84
0 67 74
