56
0 2 32 8 1
1 8 2 64 0
2 5 32 8 0
3 4 1 64 0
4 7 1 16 0
5 7 4 16 0
6 1 1 128 0
7 1 8 128 0
8 5 16 128 0
9 4 32 64 0
10 1 4 64 0
11 4 1 128 0
12 2 8 16 0
13 8 4 8 0
14 6 16 16 0
15 3 8 16 0
16 1 32 64 0
17 4 4 128 0
18 2 2 64 0
19 5 16 64 0
20 5 8 32 0
21 8 1 16 0
22 3 32 32 0
23 1 32 8 0
24 7 32 128 0
25 2 4 128 0
26 5 4 32 0
27 7 32 32 0
28 6 1 64 0
29 1 2 8 0
30 3 8 64 0
31 3 32 64 0
32 4 16 16 0
33 6 16 16 0
34 1 1 64 0
35 1 32 128 0
36 7 1 32 0
37 8 8 8 0
38 2 32 8 0
39 7 2 128 0
40 8 4 128 0
41 5 32 32 0
42 1 8 32 0
43 4 2 32 0
44 1 2 16 0
45 1 4 16 0
46 1 1 8 0
47 6 2 64 0
48 2 2 16 0
49 7 32 32 0
50 1 1 8 0
51 7 32 16 0
52 2 16 32 0
53 5 32 128 0
54 3 1 64 0
55 8 4 64 0
55
0 1 70
0 2 55
0 3 30
0 4 64
0 5 35
0 6 89
0 7 68
0 8 45
0 9 38
0 10 19
0 11 12
0 12 24
0 13 2
0 14 50
0 15 52
0 16 41
0 17 98
0 18 85
0 19 17
0 20 82
0 21 50
0 22 31
0 23 85
0 24 60
0 25 1
0 26 61
0 27 51
0 28 71
0 29 27
0 30 99
0 31 7
0 32 87
0 33 4
0 34 26
0 35 10
0 36 76
0 37 30
0 38 62
0 39 98
0 40 43
0 41 56
0 42 51
0 43 94
0 44 15
0 45 68
0 46 9
0 47 11
0 48 83
0 49 24
0 50 45
0 51 67
0 52 11
0 53 46
0 54 5
0 55 28
