57
0 4 8 64 1
1 2 2 16 0
2 1 32 8 0
3 4 4 16 0
4 3 2 32 0
5 3 1 32 0
6 8 2 128 0
7 8 1 16 0
8 4 1 8 0
9 4 32 128 0
10 1 2 64 0
11 8 32 64 0
12 1 1 128 0
13 3 16 64 0
14 8 8 8 0
15 3 1 16 0
16 1 1 8 0
17 7 32 64 0
18 3 2 128 0
19 3 1 64 0
20 4 16 128 0
21 8 8 32 0
22 4 4 16 0
23 8 4 64 0
24 2 1 64 0
25 3 2 32 0
26 8 1 16 0
27 3 1 32 0
28 8 1 16 0
29 1 2 64 0
30 2 4 64 0
31 2 4 16 0
32 7 4 16 0
33 3 32 128 0
34 2 16 16 0
35 2 1 64 0
36 7 2 64 0
37 8 2 8 0
38 7 16 64 0
39 3 1 32 0
40 4 32 32 0
41 8 16 128 0
42 3 16 64 0
43 8 1 32 0
44 5 8 32 0
45 4 4 32 0
46 4 16 8 0
47 6 16 16 0
48 7 4 32 0
49 5 2 64 0
50 3 4 64 0
51 8 32 128 0
52 8 4 8 0
53 4 4 32 0
54 7 32 8 0
55 8 2 16 0
56 4 4 16 0
56
0 1 4
0 2 27
0 3 22
0 4 99
0 5 55
0 6 72
0 7 24
0 8 23
0 9 68
0 10 39
0 11 71
0 12 4
0 13 75
0 14 87
0 15 32
0 16 60
0 17 70
0 18 76
0 19 16
0 20 31
0 21 50
0 22 24
0 23 3
0 24 69
0 25 13
0 26 4
0 27 80
0 28 61
0 29 15
0 30 21
0 31 90
0 32 14
0 33 6
0 34 87
0 35 80
0 36 94
0 37 10
0 38 70
0 39 50
0 40 24
0 41 75
0 42 81
0 43 87
0 44 24
0 45 96
0 46 90
0 47 42
0 48 1
0 49 21
0 50 56
0 51 37
0 52 54
0 53 54
0 54 94
0 55 20
0 56 22
