75
0 7 8 128 1
1 5 4 128 0
2 4 1 32 0
3 2 4 32 0
4 3 1 16 0
5 1 4 32 0
6 3 8 128 0
7 7 1 16 0
8 4 16 16 0
9 4 4 128 0
10 5 2 32 0
11 4 32 32 0
12 4 1 16 0
13 4 4 8 0
14 8 8 64 0
15 5 2 32 0
16 1 8 32 0
17 7 32 32 0
18 8 4 128 0
19 4 1 32 0
20 8 1 16 0
21 5 8 32 0
22 4 32 128 0
23 3 16 128 0
24 3 1 64 0
25 2 2 16 0
26 7 2 128 0
27 6 8 32 0
28 6 8 128 0
29 3 1 64 0
30 1 32 32 0
31 7 16 8 0
32 6 16 128 0
33 2 1 16 0
34 8 4 8 0
35 2 2 128 0
36 8 16 16 0
37 4 1 8 0
38 8 32 128 0
39 4 2 32 0
40 5 2 64 0
41 1 4 64 0
42 5 16 16 0
43 7 16 16 0
44 3 2 128 0
45 7 1 128 0
46 7 2 8 0
47 7 32 8 0
48 2 8 32 0
49 7 4 8 0
50 8 2 8 0
51 4 4 32 0
52 7 16 128 0
53 3 1 8 0
54 4 16 64 0
55 5 2 128 0
56 1 4 32 0
57 7 8 64 0
58 1 2 8 0
59 7 32 128 0
60 6 4 64 0
61 6 2 32 0
62 3 32 64 0
63 2 2 128 0
64 3 2 16 0
65 8 16 64 0
66 2 1 16 0
67 1 8 32 0
68 1 4 128 0
69 7 4 8 0
70 4 4 64 0
71 6 1 64 0
72 7 2 8 0
73 7 4 16 0
74 3 2 16 0
74
0 1 12
0 2 31
0 3 98
0 4 94
0 5 3
0 6 73
0 7 14
0 8 56
0 9 67
0 10 77
0 11 61
0 12 93
0 13 18
0 14 96
0 15 17
0 16 69
0 17 41
0 18 39
0 19 95
0 20 30
0 21 69
0 22 20
0 23 77
0 24 21
0 25 46
0 26 57
0 27 30
0 28 40
0 29 92
0 30 57
0 31 9
0 32 46
0 33 7
0 34 63
0 35 7
0 36 38
0 37 21
0 38 28
0 39 47
0 40 57
0 41 43
0 42 73
0 43 64
0 44 22
0 45 72
0 46 54
0 47 13
0 48 94
0 49 67
0 50 82
0 51 66
0 52 71
0 53 16
0 54 78
0 55 93
0 56 70
0 57 31
0 58 88
0 59 47
0 60 27
0 61 16
0 62 76
0 63 5
0 64 40
0 65 43
0 66 63
0 67 86
0 68 76
0 69 82
0 70 3
0 71 49
0 72 39
0 73 9
0 74 48
