78
0 4 1 64 1
1 1 16 64 0
2 4 8 8 0
3 2 4 128 0
4 6 8 128 0
5 2 16 32 0
6 5 2 64 0
7 1 16 32 0
8 2 4 8 0
9 2 8 128 0
10 8 32 8 0
11 1 8 64 0
12 1 32 128 0
13 7 32 8 0
14 7 16 32 0
15 8 32 8 0
16 5 8 64 0
17 7 1 32 0
18 5 16 32 0
19 7 32 32 0
20 5 4 128 0
21 5 2 8 0
22 3 1 16 0
23 3 8 32 0
24 3 16 128 0
25 1 4 16 0
26 4 2 8 0
27 2 8 64 0
28 4 2 64 0
29 6 2 64 0
30 5 32 32 0
31 1 1 128 0
32 5 2 32 0
33 5 8 8 0
34 4 1 8 0
35 7 8 64 0
36 4 4 8 0
37 8 8 32 0
38 4 8 16 0
39 7 4 16 0
40 5 8 16 0
41 8 8 8 0
42 4 8 32 0
43 2 2 32 0
44 2 32 8 0
45 5 8 8 0
46 2 8 32 0
47 5 16 8 0
48 3 16 8 0
49 6 4 8 0
50 3 4 128 0
51 3 16 8 0
52 7 1 64 0
53 4 2 128 0
54 5 1 16 0
55 6 16 128 0
56 5 4 16 0
57 3 16 16 0
58 7 8 8 0
59 1 1 128 0
60 1 32 32 0
61 7 2 32 0
62 6 1 64 0
63 5 8 128 0
64 8 2 16 0
65 7 32 64 0
66 2 4 128 0
67 5 1 8 0
68 2 8 32 0
69 5 2 128 0
70 8 8 128 0
71 2 16 16 0
72 5 16 128 0
73 3 4 16 0
74 3 32 8 0
75 7 32 8 0
76 1 8 32 0
77 3 2 8 0
77
0 1 66
0 2 5
0 3 76
0 4 92
0 5 45
0 6 10
0 7 86
0 8 24
0 9 38
0 10 99
0 11 34
0 12 21
0 13 8
0 14 80
0 15 13
0 16 88
0 17 2
0 18 21
0 19 42
0 20 20
0 21 38
0 22 48
0 23 82
0 24 40
0 25 98
0 26 12
0 27 75
0 28 55
0 29 84
0 30 39
0 31 64
0 32 18
0 33 53
0 34 66
0 35 71
0 36 7
0 37 88
0 38 56
0 39 31
0 40 84
0 41 18
0 42 83
0 43 89
0 44 15
0 45 36
0 46 59
0 47 65
0 48 89
0 49 72
0 50 20
0 51 96
0 52 35
0 53 82
0 54 44
0 55 6
0 56 5
0 57 73
0 58 64
0 59 63
0 60 18
0 61 26
0 62 45
0 63 8
0 64 56
0 65 27
0 66 70
0 67 84
0 68 3
0 69 43
0 70 7
0 71 32
0 72 42
0 73 51
0 74 98
0 75 41
0 76 73
0 77 36
