76
0 3 16 128 1
1 7 32 16 0
2 7 32 32 0
3 2 32 64 0
4 2 2 128 0
5 1 32 16 0
6 6 16 8 0
7 7 4 16 0
8 8 2 8 0
9 2 16 128 0
10 3 8 128 0
11 5 1 16 0
12 8 2 32 0
13 6 1 64 0
14 6 8 16 0
15 4 8 32 0
16 8 2 32 0
17 7 4 64 0
18 8 8 16 0
19 7 8 128 0
20 8 8 32 0
21 8 8 128 0
22 4 16 8 0
23 5 2 128 0
24 5 1 32 0
25 5 32 64 0
26 4 1 128 0
27 1 8 8 0
28 2 1 128 0
29 3 8 64 0
30 7 16 64 0
31 6 8 64 0
32 5 8 8 0
33 8 16 8 0
34 6 16 32 0
35 8 1 32 0
36 4 1 128 0
37 6 8 64 0
38 3 4 8 0
39 1 2 64 0
40 4 4 64 0
41 6 4 64 0
42 1 2 8 0
43 7 32 64 0
44 2 8 64 0
45 3 32 8 0
46 5 32 32 0
47 7 4 8 0
48 7 8 16 0
49 2 16 64 0
50 7 4 16 0
51 2 8 8 0
52 1 2 128 0
53 3 4 128 0
54 5 2 64 0
55 3 16 8 0
56 1 4 64 0
57 3 16 32 0
58 4 4 16 0
59 6 1 16 0
60 7 1 128 0
61 5 1 128 0
62 3 1 32 0
63 2 4 128 0
64 6 32 64 0
65 1 8 128 0
66 7 32 128 0
67 1 32 8 0
68 2 8 64 0
69 1 4 128 0
70 7 16 64 0
71 2 2 64 0
72 5 1 32 0
73 2 16 128 0
74 8 8 32 0
75 3 1 64 0
75
0 1 96
0 2 72
0 3 62
0 4 19
0 5 13
0 6 39
0 7 7
0 8 91
0 9 50
0 10 10
0 11 91
0 12 32
0 13 83
0 14 1
0 15 78
0 16 69
0 17 65
0 18 33
0 19 82
0 20 70
0 21 58
0 22 18
0 23 89
0 24 65
0 25 100
0 26 16
0 27 80
0 28 10
0 29 53
0 30 71
0 31 98
0 32 44
0 33 17
0 34 42
0 35 66
0 36 83
0 37 12
0 38 39
0 39 91
0 40 67
0 41 38
0 42 32
0 43 55
0 44 38
0 45 94
0 46 94
0 47 90
0 48 3
0 49 67
0 50 52
0 51 88
0 52 59
0 53 71
0 54 9
0 55 58
0 56 95
0 57 78
0 58 96
0 59 3
0 60 28
0 61 26
0 62 44
0 63 80
0 64 48
0 65 3
0 66 60
0 67 36
0 68 10
0 69 94
0 70 43
0 71 9
0 72 54
0 73 24
0 74 4
0 75 54
