86
0 7 4 8 1
1 8 2 32 0
2 6 8 16 0
3 3 16 64 0
4 7 16 128 0
5 2 8 32 0
6 4 2 64 0
7 8 32 16 0
8 5 2 128 0
9 8 1 32 0
10 3 2 16 0
11 6 4 128 0
12 1 16 8 0
13 2 16 16 0
14 2 4 16 0
15 6 4 64 0
16 6 32 16 0
17 5 32 8 0
18 3 32 8 0
19 1 4 16 0
20 1 4 128 0
21 7 8 16 0
22 8 8 64 0
23 2 16 64 0
24 4 4 64 0
25 6 1 16 0
26 7 1 64 0
27 7 32 8 0
28 3 32 8 0
29 2 2 8 0
30 3 16 8 0
31 6 2 8 0
32 4 8 16 0
33 2 32 64 0
34 5 4 128 0
35 2 4 64 0
36 4 16 8 0
37 6 32 64 0
38 1 16 128 0
39 8 32 128 0
40 4 1 8 0
41 2 8 16 0
42 3 4 64 0
43 8 4 8 0
44 1 1 8 0
45 2 2 32 0
46 4 2 8 0
47 4 1 8 0
48 5 1 8 0
49 2 1 16 0
50 6 2 16 0
51 2 32 32 0
52 1 2 8 0
53 4 4 64 0
54 7 1 64 0
55 1 32 32 0
56 7 32 32 0
57 3 1 8 0
58 5 4 8 0
59 3 16 32 0
60 7 1 128 0
61 1 4 128 0
62 5 8 32 0
63 1 4 16 0
64 2 4 32 0
65 8 32 128 0
66 3 2 128 0
67 5 8 32 0
68 7 2 32 0
69 4 32 128 0
70 4 2 8 0
71 3 8 8 0
72 5 4 8 0
73 3 8 16 0
74 5 1 32 0
75 2 16 32 0
76 2 2 64 0
77 5 4 32 0
78 7 2 64 0
79 4 2 64 0
80 3 32 8 0
81 1 4 32 0
82 2 8 128 0
83 1 1 128 0
84 8 16 128 0
85 5 32 16 0
85
0 1 78
0 2 99
0 3 32
0 4 31
0 5 6
0 6 57
0 7 99
0 8 2
0 9 5
0 10 96
0 11 14
0 12 37
0 13 15
0 14 63
0 15 37
0 16 23
0 17 95
0 18 15
0 19 76
0 20 63
0 21 85
0 22 72
0 23 20
0 24 41
0 25 43
0 26 45
0 27 12
0 28 49
0 29 75
0 30 52
0 31 68
0 32 20
0 33 3
0 34 67
0 35 13
0 36 72
0 37 13
0 38 56
0 39 84
0 40 70
0 41 6
0 42 3
0 43 73
0 44 4
0 45 21
0 46 70
0 47 26
0 48 17
0 49 83
0 50 40
0 51 49
0 52 20
0 53 92
0 54 31
0 55 22
0 56 28
0 57 3
0 58 12
0 59 9
0 60 84
0 61 84
0 62 2
0 63 59
0 64 38
0 65 85
0 66 69
0 67 54
0 68 61
0 69 6
0 70 45
0 71 26
0 72 85
0 73 27
0 74 70
0 75 69
0 76 30
0 77 13
0 78 26
0 79 47
0 80 11
0 81 48
0 82 40
0 83 87
0 84 14
0 85 88
