56
0 2 2 8 1
1 2 1 8 0
2 7 2 8 0
3 8 2 32 0
4 6 32 8 0
5 2 4 8 0
6 1 2 32 0
7 6 2 64 0
8 4 16 64 0
9 7 32 8 0
10 6 32 64 0
11 8 1 8 0
12 2 8 8 0
13 6 32 8 0
14 8 16 16 0
15 5 32 64 0
16 2 32 8 0
17 6 4 64 0
18 2 2 64 0
19 8 4 8 0
20 1 4 8 0
21 1 4 16 0
22 2 2 64 0
23 8 2 16 0
24 6 2 128 0
25 4 8 8 0
26 4 2 16 0
27 6 2 64 0
28 3 4 64 0
29 8 32 64 0
30 5 1 128 0
31 2 1 64 0
32 3 16 64 0
33 6 2 16 0
34 8 1 16 0
35 1 16 8 0
36 1 8 16 0
37 4 16 16 0
38 5 1 8 0
39 5 32 32 0
40 1 2 64 0
41 1 16 8 0
42 6 16 128 0
43 3 32 64 0
44 2 32 32 0
45 6 32 8 0
46 3 2 128 0
47 2 4 128 0
48 8 32 64 0
49 3 2 8 0
50 4 32 64 0
51 6 1 32 0
52 6 8 32 0
53 7 1 16 0
54 5 8 32 0
55 6 16 16 0
55
0 1 22
0 2 10
0 3 44
0 4 22
0 5 8
0 6 29
0 7 70
0 8 57
0 9 68
0 10 62
0 11 66
0 12 65
0 13 96
0 14 34
0 15 48
0 16 93
0 17 78
0 18 70
0 19 17
0 20 71
0 21 92
0 22 43
0 23 73
0 24 1
0 25 6
0 26 39
0 27 38
0 28 8
0 29 26
0 30 92
0 31 82
0 32 22
0 33 32
0 34 64
0 35 86
0 36 37
0 37 24
0 38 39
0 39 91
0 40 85
0 41 48
0 42 72
0 43 86
0 44 10
0 45 36
0 46 59
0 47 92
0 48 21
0 49 31
0 50 62
0 51 9
0 52 79
0 53 42
0 54 84
0 55 92
