88
0 4 16 8 1
1 3 2 128 0
2 2 16 16 0
3 5 32 16 0
4 3 16 32 0
5 8 4 64 0
6 1 32 32 0
7 8 32 8 0
8 4 4 64 0
9 7 32 128 0
10 5 8 128 0
11 7 8 32 0
12 5 4 8 0
13 3 32 128 0
14 3 4 8 0
15 4 16 32 0
16 6 1 16 0
17 5 1 128 0
18 5 2 8 0
19 8 1 16 0
20 2 4 32 0
21 3 32 64 0
22 2 1 16 0
23 4 16 16 0
24 1 32 32 0
25 6 16 32 0
26 8 32 128 0
27 2 2 8 0
28 7 2 16 0
29 4 32 64 0
30 6 2 32 0
31 1 2 32 0
32 2 32 128 0
33 8 8 32 0
34 2 1 16 0
35 1 8 64 0
36 5 2 64 0
37 6 8 128 0
38 6 16 32 0
39 6 8 32 0
40 4 1 8 0
41 5 16 16 0
42 2 4 32 0
43 3 8 16 0
44 5 2 32 0
45 6 32 8 0
46 3 32 8 0
47 2 4 8 0
48 4 8 64 0
49 8 8 128 0
50 8 1 32 0
51 1 16 32 0
52 6 1 64 0
53 2 4 32 0
54 6 2 8 0
55 3 32 64 0
56 3 16 128 0
57 7 8 8 0
58 2 4 16 0
59 1 1 64 0
60 2 1 8 0
61 1 2 64 0
62 4 16 8 0
63 7 16 128 0
64 4 8 64 0
65 8 8 64 0
66 8 4 128 0
67 3 4 128 0
68 4 4 32 0
69 6 8 16 0
70 1 32 64 0
71 6 1 64 0
72 8 2 32 0
73 5 1 64 0
74 5 4 32 0
75 6 2 32 0
76 1 16 64 0
77 6 8 64 0
78 2 8 16 0
79 7 32 128 0
80 2 32 32 0
81 5 2 64 0
82 7 4 32 0
83 2 1 32 0
84 4 1 16 0
85 2 2 8 0
86 1 4 16 0
87 1 2 32 0
87
0 1 61
0 2 22
0 3 90
0 4 68
0 5 35
0 6 29
0 7 20
0 8 67
0 9 51
0 10 49
0 11 99
0 12 28
0 13 32
0 14 77
0 15 59
0 16 90
0 17 88
0 18 9
0 19 41
0 20 72
0 21 97
0 22 97
0 23 50
0 24 65
0 25 2
0 26 67
0 27 31
0 28 39
0 29 96
0 30 87
0 31 44
0 32 61
0 33 50
0 34 47
0 35 7
0 36 41
0 37 52
0 38 30
0 39 99
0 40 31
0 41 18
0 42 33
0 43 83
0 44 55
0 45 4
0 46 78
0 47 22
0 48 88
0 49 71
0 50 46
0 51 98
0 52 14
0 53 76
0 54 62
0 55 84
0 56 57
0 57 29
0 58 50
0 59 15
0 60 5
0 61 37
0 62 30
0 63 57
0 64 75
0 65 67
0 66 23
0 67 37
0 68 15
0 69 41
0 70 21
0 71 49
0 72 85
0 73 40
0 74 92
0 75 25
0 76 33
0 77 80
0 78 36
0 79 52
0 80 84
0 81 12
0 82 98
0 83 57
0 84 86
0 85 25
0 86 16
0 87 92
