55
0 1 8 128 1
1 5 1 128 0
2 1 4 64 0
3 7 8 64 0
4 8 4 32 0
5 6 2 128 0
6 1 16 64 0
7 3 16 32 0
8 6 1 128 0
9 3 1 16 0
10 4 16 32 0
11 1 2 128 0
12 2 2 16 0
13 4 2 128 0
14 5 1 16 0
15 4 8 8 0
16 2 4 64 0
17 1 16 16 0
18 8 2 32 0
19 3 1 16 0
20 6 8 16 0
21 3 2 32 0
22 3 1 64 0
23 4 1 32 0
24 1 32 8 0
25 3 32 128 0
26 8 1 128 0
27 6 2 16 0
28 3 8 16 0
29 3 32 64 0
30 8 8 16 0
31 2 4 32 0
32 7 16 128 0
33 1 32 64 0
34 2 1 128 0
35 3 4 64 0
36 3 32 64 0
37 1 2 128 0
38 6 8 8 0
39 5 2 16 0
40 7 16 8 0
41 4 4 128 0
42 1 32 16 0
43 2 16 16 0
44 1 32 32 0
45 4 2 16 0
46 4 4 8 0
47 5 1 64 0
48 1 4 32 0
49 4 16 16 0
50 5 8 16 0
51 8 2 128 0
52 7 2 16 0
53 7 4 64 0
54 7 16 32 0
54
0 1 94
0 2 7
0 3 2
0 4 94
0 5 99
0 6 6
0 7 35
0 8 43
0 9 32
0 10 34
0 11 20
0 12 32
0 13 7
0 14 11
0 15 69
0 16 75
0 17 86
0 18 23
0 19 30
0 20 23
0 21 36
0 22 83
0 23 62
0 24 25
0 25 25
0 26 33
0 27 100
0 28 25
0 29 71
0 30 93
0 31 80
0 32 38
0 33 64
0 34 47
0 35 87
0 36 20
0 37 26
0 38 74
0 39 68
0 40 75
0 41 19
0 42 63
0 43 4
0 44 4
0 45 27
0 46 23
0 47 71
0 48 16
0 49 51
0 50 36
0 51 5
0 52 30
0 53 72
0 54 28
