87
0 5 32 32 1
1 3 8 8 0
2 8 8 32 0
3 6 32 64 0
4 5 16 8 0
5 3 32 128 0
6 2 1 32 0
7 8 1 32 0
8 8 1 64 0
9 6 16 128 0
10 1 8 64 0
11 1 1 32 0
12 4 32 128 0
13 3 32 32 0
14 8 8 64 0
15 6 1 16 0
16 5 32 32 0
17 5 2 16 0
18 6 16 128 0
19 7 1 32 0
20 1 16 16 0
21 4 2 16 0
22 1 4 64 0
23 3 32 8 0
24 5 32 32 0
25 4 4 128 0
26 5 16 128 0
27 8 16 8 0
28 7 8 8 0
29 4 8 32 0
30 5 16 16 0
31 4 2 128 0
32 6 8 32 0
33 3 32 16 0
34 8 32 32 0
35 5 4 128 0
36 3 4 128 0
37 8 2 64 0
38 3 1 64 0
39 8 32 8 0
40 3 1 32 0
41 8 16 32 0
42 6 1 32 0
43 1 8 8 0
44 6 8 16 0
45 4 2 64 0
46 3 16 32 0
47 7 2 16 0
48 1 4 32 0
49 3 1 16 0
50 2 32 32 0
51 5 32 64 0
52 2 32 8 0
53 6 8 16 0
54 7 16 128 0
55 7 8 8 0
56 6 4 32 0
57 7 16 8 0
58 2 2 64 0
59 6 1 32 0
60 3 32 128 0
61 1 32 8 0
62 2 16 8 0
63 4 4 128 0
64 1 8 16 0
65 4 2 128 0
66 6 8 8 0
67 1 16 64 0
68 6 2 128 0
69 8 8 32 0
70 2 4 32 0
71 3 2 32 0
72 1 4 64 0
73 5 32 32 0
74 3 1 16 0
75 4 4 128 0
76 1 1 32 0
77 6 32 8 0
78 1 1 16 0
79 7 1 128 0
80 8 2 16 0
81 6 1 64 0
82 8 1 8 0
83 8 1 32 0
84 3 1 16 0
85 7 8 16 0
86 7 32 8 0
86
0 1 21
0 2 54
0 3 55
0 4 51
0 5 12
0 6 51
0 7 8
0 8 61
0 9 57
0 10 62
0 11 52
0 12 62
0 13 24
0 14 87
0 15 71
0 16 64
0 17 18
0 18 81
0 19 45
0 20 1
0 21 91
0 22 100
0 23 15
0 24 33
0 25 3
0 26 6
0 27 83
0 28 63
0 29 26
0 30 84
0 31 37
0 32 89
0 33 8
0 34 56
0 35 39
0 36 8
0 37 80
0 38 73
0 39 26
0 40 48
0 41 83
0 42 84
0 43 46
0 44 25
0 45 84
0 46 88
0 47 68
0 48 46
0 49 40
0 50 100
0 51 100
0 52 16
0 53 45
0 54 22
0 55 17
0 56 47
0 57 90
0 58 27
0 59 92
0 60 14
0 61 6
0 62 64
0 63 19
0 64 70
0 65 64
0 66 75
0 67 22
0 68 77
0 69 6
0 70 33
0 71 30
0 72 41
0 73 38
0 74 76
0 75 27
0 76 28
0 77 10
0 78 4
0 79 35
0 80 32
0 81 87
0 82 95
0 83 51
0 84 76
0 85 7
0 86 52
