86
0 4 2 64 1
1 8 1 16 0
2 7 4 16 0
3 1 8 16 0
4 5 2 8 0
5 8 32 64 0
6 6 1 128 0
7 3 8 128 0
8 7 4 64 0
9 3 16 128 0
10 5 8 16 0
11 1 2 16 0
12 6 8 64 0
13 1 16 64 0
14 4 4 128 0
15 7 2 64 0
16 6 16 32 0
17 3 1 64 0
18 2 1 64 0
19 6 2 32 0
20 8 4 128 0
21 5 1 8 0
22 6 2 32 0
23 3 4 8 0
24 5 8 16 0
25 7 32 8 0
26 3 16 8 0
27 7 2 16 0
28 7 1 32 0
29 3 4 64 0
30 2 2 128 0
31 7 4 128 0
32 1 32 16 0
33 1 16 8 0
34 8 4 32 0
35 4 4 8 0
36 8 16 64 0
37 2 32 16 0
38 4 1 8 0
39 6 4 32 0
40 2 4 32 0
41 4 4 32 0
42 4 16 16 0
43 7 4 32 0
44 5 8 8 0
45 7 4 64 0
46 5 8 8 0
47 1 4 8 0
48 6 8 64 0
49 5 1 16 0
50 4 2 128 0
51 4 2 16 0
52 7 16 128 0
53 5 32 32 0
54 6 2 128 0
55 8 1 8 0
56 7 1 32 0
57 8 4 16 0
58 7 8 32 0
59 1 16 16 0
60 2 8 32 0
61 4 2 16 0
62 7 16 128 0
63 3 8 16 0
64 3 8 64 0
65 7 16 16 0
66 8 16 8 0
67 8 8 32 0
68 5 8 32 0
69 8 4 8 0
70 2 1 32 0
71 4 2 8 0
72 7 1 8 0
73 4 4 32 0
74 6 2 128 0
75 1 2 128 0
76 3 1 8 0
77 6 16 16 0
78 4 1 32 0
79 7 2 8 0
80 8 8 128 0
81 1 8 32 0
82 8 2 64 0
83 1 1 128 0
84 1 1 64 0
85 1 32 64 0
85
0 1 66
0 2 4
0 3 32
0 4 83
0 5 35
0 6 67
0 7 47
0 8 47
0 9 42
0 10 95
0 11 21
0 12 58
0 13 32
0 14 91
0 15 12
0 16 43
0 17 93
0 18 37
0 19 93
0 20 80
0 21 32
0 22 59
0 23 89
0 24 61
0 25 81
0 26 5
0 27 75
0 28 93
0 29 24
0 30 51
0 31 25
0 32 8
0 33 3
0 34 76
0 35 92
0 36 33
0 37 41
0 38 87
0 39 10
0 40 90
0 41 79
0 42 9
0 43 32
0 44 20
0 45 61
0 46 41
0 47 61
0 48 74
0 49 47
0 50 57
0 51 38
0 52 37
0 53 4
0 54 59
0 55 66
0 56 20
0 57 31
0 58 98
0 59 37
0 60 45
0 61 26
0 62 73
0 63 36
0 64 83
0 65 25
0 66 3
0 67 65
0 68 39
0 69 12
0 70 64
0 71 72
0 72 96
0 73 55
0 74 96
0 75 3
0 76 81
0 77 65
0 78 19
0 79 25
0 80 22
0 81 29
0 82 23
0 83 84
0 84 55
0 85 55
