52
0 8 32 128 1
1 6 8 64 0
2 8 16 16 0
3 4 1 8 0
4 7 4 64 0
5 5 2 64 0
6 4 4 8 0
7 8 1 128 0
8 3 16 128 0
9 8 32 8 0
10 7 4 32 0
11 3 1 8 0
12 3 1 8 0
13 1 4 32 0
14 1 4 8 0
15 3 2 128 0
16 7 1 8 0
17 7 8 8 0
18 7 32 16 0
19 5 16 32 0
20 1 8 128 0
21 5 2 32 0
22 8 32 16 0
23 1 16 32 0
24 8 4 8 0
25 4 4 16 0
26 7 32 64 0
27 2 1 64 0
28 8 32 128 0
29 6 2 32 0
30 2 1 8 0
31 3 32 16 0
32 7 16 16 0
33 8 16 128 0
34 1 16 16 0
35 1 2 128 0
36 6 32 32 0
37 6 2 64 0
38 4 16 32 0
39 6 2 64 0
40 7 8 16 0
41 8 32 8 0
42 1 8 16 0
43 5 1 8 0
44 1 2 32 0
45 2 8 8 0
46 3 16 128 0
47 3 1 64 0
48 4 4 128 0
49 7 1 32 0
50 7 16 8 0
51 4 2 128 0
51
0 1 6
0 2 70
0 3 4
0 4 82
0 5 77
0 6 55
0 7 32
0 8 77
0 9 82
0 10 8
0 11 93
0 12 45
0 13 9
0 14 61
0 15 18
0 16 53
0 17 93
0 18 44
0 19 89
0 20 60
0 21 66
0 22 11
0 23 2
0 24 4
0 25 41
0 26 8
0 27 79
0 28 64
0 29 15
0 30 26
0 31 48
0 32 58
0 33 11
0 34 68
0 35 88
0 36 40
0 37 16
0 38 45
0 39 94
0 40 13
0 41 82
0 42 42
0 43 38
0 44 89
0 45 46
0 46 16
0 47 88
0 48 86
0 49 70
0 50 85
0 51 82
