55
0 8 4 8 1
1 3 1 32 0
2 3 4 32 0
3 8 2 128 0
4 7 8 64 0
5 3 4 128 0
6 4 2 128 0
7 1 32 32 0
8 8 16 8 0
9 2 16 128 0
10 5 16 128 0
11 4 8 128 0
12 1 32 8 0
13 4 8 16 0
14 7 1 64 0
15 4 32 32 0
16 5 8 64 0
17 8 16 8 0
18 3 2 8 0
19 5 32 8 0
20 8 8 32 0
21 7 32 128 0
22 4 16 32 0
23 1 8 16 0
24 1 8 32 0
25 6 4 32 0
26 1 8 64 0
27 3 8 8 0
28 5 4 128 0
29 2 32 64 0
30 4 8 64 0
31 7 16 128 0
32 7 16 128 0
33 1 16 16 0
34 7 2 128 0
35 8 2 128 0
36 4 8 8 0
37 7 32 128 0
38 2 32 16 0
39 7 16 8 0
40 1 1 128 0
41 2 4 8 0
42 5 16 64 0
43 6 32 32 0
44 5 16 128 0
45 5 4 8 0
46 6 16 64 0
47 8 4 64 0
48 8 32 16 0
49 7 2 128 0
50 3 32 128 0
51 4 1 16 0
52 2 4 64 0
53 2 4 64 0
54 5 1 8 0
54
0 1 99
0 2 77
0 3 43
0 4 40
0 5 96
0 6 23
0 7 74
0 8 50
0 9 62
0 10 19
0 11 92
0 12 46
0 13 13
0 14 93
0 15 9
0 16 38
0 17 95
0 18 8
0 19 75
0 20 70
0 21 79
0 22 69
0 23 88
0 24 97
0 25 40
0 26 29
0 27 79
0 28 8
0 29 15
0 30 1
0 31 82
0 32 91
0 33 58
0 34 62
0 35 26
0 36 50
0 37 64
0 38 16
0 39 6
0 40 44
0 41 79
0 42 35
0 43 9
0 44 21
0 45 82
0 46 24
0 47 98
0 48 44
0 49 37
0 50 2
0 51 83
0 52 59
0 53 24
0 54 63
