84
0 1 4 8 1
1 1 2 16 0
2 6 4 32 0
3 2 16 128 0
4 1 8 64 0
5 5 32 8 0
6 5 1 128 0
7 7 8 64 0
8 1 8 32 0
9 3 8 32 0
10 5 32 128 0
11 4 1 32 0
12 5 16 8 0
13 2 8 128 0
14 4 16 32 0
15 7 1 64 0
16 6 32 32 0
17 3 8 64 0
18 6 1 16 0
19 8 8 16 0
20 1 32 8 0
21 6 4 32 0
22 2 2 128 0
23 2 2 32 0
24 1 1 128 0
25 5 8 128 0
26 4 1 16 0
27 1 8 32 0
28 7 8 16 0
29 6 8 128 0
30 2 16 64 0
31 8 4 64 0
32 7 8 32 0
33 6 8 128 0
34 8 16 128 0
35 3 8 8 0
36 8 2 8 0
37 5 32 128 0
38 4 4 16 0
39 6 4 8 0
40 2 8 32 0
41 2 16 8 0
42 8 8 128 0
43 1 4 8 0
44 1 32 64 0
45 5 32 16 0
46 1 2 32 0
47 8 32 8 0
48 1 1 16 0
49 7 1 128 0
50 4 1 128 0
51 7 32 128 0
52 5 1 16 0
53 5 8 8 0
54 7 32 64 0
55 5 1 128 0
56 2 1 16 0
57 7 4 32 0
58 7 8 16 0
59 2 4 8 0
60 7 8 16 0
61 8 32 8 0
62 8 8 32 0
63 7 2 16 0
64 7 16 64 0
65 8 4 128 0
66 2 8 32 0
67 5 32 128 0
68 8 32 64 0
69 3 8 32 0
70 2 16 8 0
71 5 32 16 0
72 6 4 32 0
73 8 2 8 0
74 7 2 64 0
75 4 1 128 0
76 8 1 8 0
77 6 4 16 0
78 8 2 16 0
79 7 16 128 0
80 6 32 8 0
81 6 8 64 0
82 6 2 8 0
83 3 16 128 0
83
0 1 47
0 2 84
0 3 37
0 4 94
0 5 53
0 6 56
0 7 71
0 8 64
0 9 61
0 10 85
0 11 66
0 12 16
0 13 76
0 14 81
0 15 81
0 16 60
0 17 53
0 18 76
0 19 47
0 20 15
0 21 100
0 22 20
0 23 71
0 24 84
0 25 34
0 26 100
0 27 100
0 28 23
0 29 88
0 30 76
0 31 56
0 32 23
0 33 20
0 34 18
0 35 60
0 36 92
0 37 60
0 38 62
0 39 34
0 40 70
0 41 45
0 42 52
0 43 34
0 44 78
0 45 28
0 46 1
0 47 48
0 48 69
0 49 83
0 50 84
0 51 27
0 52 48
0 53 51
0 54 18
0 55 65
0 56 7
0 57 13
0 58 24
0 59 44
0 60 60
0 61 56
0 62 79
0 63 81
0 64 42
0 65 91
0 66 47
0 67 90
0 68 50
0 69 69
0 70 30
0 71 46
0 72 90
0 73 31
0 74 89
0 75 19
0 76 30
0 77 93
0 78 85
0 79 19
0 80 59
0 81 15
0 82 39
0 83 50
