81
0 5 32 64 1
1 8 8 8 0
2 8 4 128 0
3 1 2 32 0
4 1 32 128 0
5 4 32 32 0
6 5 16 128 0
7 6 2 8 0
8 2 32 32 0
9 6 1 128 0
10 6 2 16 0
11 7 4 8 0
12 7 1 32 0
13 7 1 128 0
14 7 16 64 0
15 7 16 8 0
16 4 1 64 0
17 4 8 64 0
18 3 1 128 0
19 1 32 64 0
20 1 1 128 0
21 6 8 64 0
22 4 32 16 0
23 8 32 16 0
24 2 32 8 0
25 8 8 16 0
26 7 4 64 0
27 3 32 64 0
28 2 8 8 0
29 3 1 8 0
30 3 1 8 0
31 5 2 32 0
32 1 4 128 0
33 2 32 32 0
34 4 16 128 0
35 7 4 64 0
36 3 4 32 0
37 6 2 8 0
38 1 8 128 0
39 2 8 8 0
40 4 2 128 0
41 2 4 8 0
42 6 1 16 0
43 4 4 64 0
44 4 4 64 0
45 2 32 128 0
46 4 1 128 0
47 5 1 16 0
48 8 8 128 0
49 4 2 128 0
50 4 8 128 0
51 8 1 128 0
52 5 4 64 0
53 1 32 16 0
54 2 16 16 0
55 3 8 128 0
56 5 16 64 0
57 4 4 64 0
58 4 1 128 0
59 5 2 32 0
60 1 1 8 0
61 5 32 8 0
62 6 4 16 0
63 5 8 64 0
64 3 32 64 0
65 7 16 128 0
66 5 8 64 0
67 5 32 16 0
68 7 4 64 0
69 6 32 32 0
70 1 32 16 0
71 8 16 64 0
72 1 4 8 0
73 6 4 16 0
74 1 16 8 0
75 8 8 16 0
76 4 8 32 0
77 4 16 32 0
78 8 16 32 0
79 5 4 32 0
80 5 1 32 0
80
0 1 33
0 2 40
0 3 100
0 4 12
0 5 11
0 6 74
0 7 55
0 8 40
0 9 76
0 10 55
0 11 71
0 12 61
0 13 92
0 14 46
0 15 71
0 16 98
0 17 54
0 18 30
0 19 60
0 20 38
0 21 34
0 22 100
0 23 75
0 24 4
0 25 50
0 26 4
0 27 81
0 28 67
0 29 48
0 30 49
0 31 22
0 32 49
0 33 96
0 34 21
0 35 41
0 36 15
0 37 10
0 38 7
0 39 48
0 40 94
0 41 10
0 42 17
0 43 87
0 44 92
0 45 39
0 46 20
0 47 83
0 48 67
0 49 95
0 50 74
0 51 6
0 52 56
0 53 60
0 54 32
0 55 21
0 56 79
0 57 17
0 58 36
0 59 23
0 60 21
0 61 64
0 62 27
0 63 67
0 64 14
0 65 43
0 66 76
0 67 17
0 68 93
0 69 61
0 70 48
0 71 46
0 72 48
0 73 97
0 74 54
0 75 52
0 76 93
0 77 14
0 78 35
0 79 37
0 80 18
