63
0 5 2 8 1
1 8 1 8 0
2 3 4 8 0
3 1 16 32 0
4 6 8 128 0
5 5 32 64 0
6 1 1 16 0
7 5 1 128 0
8 5 32 8 0
9 1 2 64 0
10 5 4 128 0
11 6 16 64 0
12 2 16 16 0
13 5 8 8 0
14 8 16 64 0
15 1 4 32 0
16 4 8 64 0
17 2 2 16 0
18 3 8 32 0
19 7 16 128 0
20 6 4 128 0
21 7 1 8 0
22 1 32 8 0
23 5 2 16 0
24 5 16 16 0
25 7 16 64 0
26 7 16 16 0
27 6 8 32 0
28 8 8 64 0
29 6 2 8 0
30 4 16 64 0
31 6 4 8 0
32 4 1 128 0
33 1 1 128 0
34 6 2 128 0
35 3 2 16 0
36 6 1 32 0
37 7 8 16 0
38 2 32 16 0
39 5 2 16 0
40 1 8 64 0
41 2 1 32 0
42 5 2 16 0
43 6 16 32 0
44 2 4 8 0
45 2 4 16 0
46 2 8 16 0
47 5 4 16 0
48 3 8 16 0
49 5 4 128 0
50 4 8 32 0
51 5 8 16 0
52 8 2 16 0
53 3 32 64 0
54 5 8 16 0
55 8 8 8 0
56 2 4 32 0
57 1 16 8 0
58 4 8 32 0
59 2 4 128 0
60 8 16 128 0
61 5 16 16 0
62 1 1 128 0
62
0 1 53
0 2 65
0 3 62
0 4 30
0 5 2
0 6 70
0 7 42
0 8 42
0 9 63
0 10 27
0 11 60
0 12 74
0 13 51
0 14 53
0 15 94
0 16 6
0 17 71
0 18 13
0 19 57
0 20 7
0 21 79
0 22 20
0 23 57
0 24 38
0 25 7
0 26 57
0 27 36
0 28 79
0 29 58
0 30 35
0 31 99
0 32 46
0 33 66
0 34 65
0 35 3
0 36 16
0 37 46
0 38 88
0 39 62
0 40 58
0 41 72
0 42 17
0 43 81
0 44 41
0 45 10
0 46 9
0 47 72
0 48 64
0 49 81
0 50 9
0 51 85
0 52 78
0 53 53
0 54 29
0 55 92
0 56 78
0 57 75
0 58 71
0 59 85
0 60 76
0 61 96
0 62 20
