74
0 3 32 8 1
1 4 2 64 0
2 8 16 64 0
3 4 8 64 0
4 1 8 128 0
5 3 32 32 0
6 6 1 8 0
7 1 1 8 0
8 2 8 16 0
9 6 1 64 0
10 4 1 128 0
11 1 1 16 0
12 3 1 64 0
13 3 1 128 0
14 8 1 32 0
15 1 1 8 0
16 8 32 16 0
17 1 4 64 0
18 5 1 16 0
19 5 16 32 0
20 3 4 64 0
21 4 16 64 0
22 3 8 64 0
23 5 2 32 0
24 6 32 8 0
25 2 8 64 0
26 8 4 128 0
27 4 16 64 0
28 1 2 64 0
29 6 2 32 0
30 3 1 128 0
31 3 8 128 0
32 5 1 128 0
33 3 2 8 0
34 7 8 32 0
35 4 32 8 0
36 5 2 128 0
37 7 2 128 0
38 5 1 64 0
39 2 16 16 0
40 4 32 32 0
41 8 2 8 0
42 3 1 8 0
43 1 8 32 0
44 4 1 128 0
45 2 4 32 0
46 3 2 32 0
47 4 32 64 0
48 4 4 64 0
49 2 8 16 0
50 5 4 128 0
51 8 2 8 0
52 1 8 16 0
53 8 2 16 0
54 6 16 64 0
55 3 8 64 0
56 2 1 8 0
57 7 4 128 0
58 3 32 8 0
59 8 16 8 0
60 3 2 128 0
61 6 8 32 0
62 7 1 16 0
63 3 1 64 0
64 3 1 128 0
65 7 1 32 0
66 6 4 32 0
67 3 2 64 0
68 7 16 128 0
69 5 8 32 0
70 1 16 8 0
71 7 1 128 0
72 7 4 128 0
73 4 16 64 0
73
0 1 75
0 2 36
0 3 46
0 4 89
0 5 35
0 6 70
0 7 62
0 8 43
0 9 33
0 10 94
0 11 43
0 12 71
0 13 56
0 14 88
0 15 93
0 16 4
0 17 31
0 18 3
0 19 69
0 20 53
0 21 13
0 22 39
0 23 58
0 24 91
0 25 90
0 26 43
0 27 29
0 28 98
0 29 92
0 30 1
0 31 86
0 32 68
0 33 21
0 34 46
0 35 22
0 36 80
0 37 90
0 38 13
0 39 99
0 40 93
0 41 64
0 42 39
0 43 22
0 44 66
0 45 96
0 46 31
0 47 99
0 48 25
0 49 94
0 50 59
0 51 49
0 52 61
0 53 20
0 54 88
0 55 85
0 56 92
0 57 86
0 58 99
0 59 1
0 60 40
0 61 89
0 62 83
0 63 70
0 64 97
0 65 76
0 66 93
0 67 43
0 68 79
0 69 78
0 70 67
0 71 77
0 72 93
0 73 17
