59
0 4 8 8 1
1 8 32 8 0
2 4 16 64 0
3 1 16 64 0
4 6 16 32 0
5 8 1 8 0
6 4 1 128 0
7 8 8 64 0
8 4 4 128 0
9 5 16 64 0
10 4 1 16 0
11 3 8 16 0
12 3 16 64 0
13 6 16 64 0
14 4 8 16 0
15 3 32 16 0
16 7 1 32 0
17 4 1 64 0
18 2 32 128 0
19 5 4 64 0
20 3 4 8 0
21 7 8 8 0
22 6 2 32 0
23 5 16 128 0
24 4 8 8 0
25 1 1 64 0
26 5 4 64 0
27 5 16 32 0
28 1 1 32 0
29 5 4 64 0
30 1 32 8 0
31 1 16 64 0
32 1 1 128 0
33 5 16 32 0
34 1 1 8 0
35 5 32 32 0
36 4 4 8 0
37 7 16 32 0
38 8 8 32 0
39 4 4 64 0
40 2 4 64 0
41 8 2 8 0
42 1 1 64 0
43 4 16 32 0
44 6 16 128 0
45 4 32 8 0
46 6 2 8 0
47 8 2 64 0
48 7 2 128 0
49 7 4 128 0
50 2 16 64 0
51 5 8 32 0
52 5 2 64 0
53 7 4 128 0
54 1 32 64 0
55 1 8 8 0
56 5 16 64 0
57 7 16 32 0
58 1 1 64 0
58
0 1 43
0 2 92
0 3 60
0 4 37
0 5 7
0 6 40
0 7 90
0 8 15
0 9 100
0 10 17
0 11 48
0 12 45
0 13 18
0 14 55
0 15 82
0 16 93
0 17 40
0 18 54
0 19 75
0 20 79
0 21 17
0 22 46
0 23 94
0 24 43
0 25 59
0 26 48
0 27 22
0 28 87
0 29 53
0 30 91
0 31 40
0 32 15
0 33 6
0 34 39
0 35 100
0 36 7
0 37 13
0 38 51
0 39 29
0 40 75
0 41 82
0 42 2
0 43 23
0 44 33
0 45 32
0 46 98
0 47 15
0 48 47
0 49 55
0 50 77
0 51 20
0 52 80
0 53 85
0 54 55
0 55 97
0 56 57
0 57 4
0 58 15
