62
0 1 1 128 1
1 6 4 32 0
2 2 8 128 0
3 5 4 64 0
4 6 8 64 0
5 1 4 32 0
6 4 8 128 0
7 2 8 64 0
8 1 4 32 0
9 2 32 64 0
10 6 8 32 0
11 2 2 128 0
12 1 2 32 0
13 3 8 32 0
14 6 16 8 0
15 5 2 16 0
16 1 4 32 0
17 3 4 64 0
18 1 32 32 0
19 3 32 16 0
20 3 1 64 0
21 4 32 64 0
22 4 2 32 0
23 8 8 16 0
24 7 32 64 0
25 3 32 16 0
26 1 1 32 0
27 4 4 8 0
28 3 1 16 0
29 3 8 8 0
30 1 8 32 0
31 6 16 64 0
32 7 8 8 0
33 5 16 8 0
34 5 4 8 0
35 1 16 64 0
36 1 1 64 0
37 1 2 16 0
38 6 16 16 0
39 1 8 128 0
40 5 8 64 0
41 3 4 64 0
42 3 4 32 0
43 2 8 16 0
44 6 32 32 0
45 3 16 8 0
46 2 8 8 0
47 4 32 16 0
48 5 2 8 0
49 6 16 32 0
50 3 2 16 0
51 7 16 128 0
52 8 1 128 0
53 3 2 16 0
54 2 4 8 0
55 6 16 32 0
56 7 8 128 0
57 6 4 32 0
58 4 16 8 0
59 6 2 128 0
60 3 8 8 0
61 2 1 8 0
61
0 1 37
0 2 74
0 3 52
0 4 91
0 5 10
0 6 95
0 7 68
0 8 39
0 9 49
0 10 31
0 11 22
0 12 10
0 13 1
0 14 16
0 15 54
0 16 67
0 17 78
0 18 34
0 19 69
0 20 46
0 21 88
0 22 2
0 23 71
0 24 84
0 25 93
0 26 45
0 27 72
0 28 17
0 29 14
0 30 35
0 31 9
0 32 72
0 33 69
0 34 65
0 35 84
0 36 25
0 37 15
0 38 58
0 39 69
0 40 30
0 41 21
0 42 36
0 43 82
0 44 13
0 45 57
0 46 74
0 47 13
0 48 21
0 49 51
0 50 77
0 51 15
0 52 1
0 53 4
0 54 89
0 55 22
0 56 68
0 57 4
0 58 14
0 59 84
0 60 49
0 61 67
