192
0 7 32 64 1
1 5 4 16 0
2 3 4 16 0
3 5 8 128 0
4 8 1 8 0
5 4 32 32 0
6 3 8 32 0
7 2 16 8 0
8 1 1 128 0
9 4 32 8 0
10 4 1 128 0
11 2 1 16 0
12 7 8 16 0
13 5 4 64 0
14 8 8 128 0
15 7 4 8 0
16 7 8 128 0
17 2 2 64 0
18 3 4 64 0
19 2 1 32 0
20 7 4 16 0
21 2 8 16 0
22 4 8 32 0
23 7 2 64 0
24 6 1 32 0
25 1 4 32 0
26 1 1 128 0
27 6 32 16 0
28 1 4 32 0
29 6 16 8 0
30 7 2 64 0
31 8 2 16 0
32 7 2 8 0
33 5 1 128 0
34 2 4 16 0
35 8 4 32 0
36 2 1 8 0
37 6 32 16 0
38 4 8 64 0
39 2 16 128 0
40 7 16 8 0
41 7 1 128 0
42 6 4 32 0
43 5 16 32 0
44 8 32 64 0
45 2 8 128 0
46 2 4 128 0
47 2 16 128 0
48 6 1 128 0
49 1 16 32 0
50 2 32 64 0
51 6 2 8 0
52 1 4 8 0
53 7 16 8 0
54 6 8 64 0
55 7 1 16 0
56 4 4 8 0
57 7 16 128 0
58 7 8 32 0
59 7 8 64 0
60 3 16 64 0
61 5 8 16 0
62 8 32 64 0
63 2 32 8 0
64 7 32 64 0
65 4 16 16 0
66 5 32 128 0
67 7 2 16 0
68 7 16 8 0
69 1 1 16 0
70 6 4 16 0
71 4 16 16 0
72 1 32 128 0
73 4 16 16 0
74 5 16 32 0
75 8 16 32 0
76 5 16 16 0
77 6 8 64 0
78 3 4 32 0
79 3 4 8 0
80 4 2 8 0
81 8 2 64 0
82 3 16 16 0
83 8 1 16 0
84 4 32 16 0
85 8 1 32 0
86 6 1 8 0
87 8 1 8 0
88 8 8 16 0
89 7 2 64 0
90 3 1 8 1
91 8 8 16 1
92 5 2 128 0
93 1 32 64 0
94 5 1 128 0
95 3 4 128 0
96 3 2 32 0
97 4 8 32 0
98 6 1 8 0
99 5 16 16 0
100 8 8 16 0
101 6 4 32 0
102 2 4 64 0
103 1 32 16 0
104 2 32 32 0
105 2 4 64 0
106 6 2 32 0
107 2 8 64 0
108 5 32 64 0
109 6 4 8 0
110 3 2 64 0
111 5 32 8 0
112 6 2 8 0
113 7 1 32 0
114 6 8 8 0
115 5 2 16 0
116 7 2 8 0
117 5 2 32 0
118 7 2 8 0
119 1 1 128 0
120 3 1 32 0
121 8 2 32 0
122 4 16 16 0
123 2 4 8 0
124 8 2 128 0
125 3 8 128 0
126 8 8 8 0
127 8 1 8 0
128 6 1 128 0
129 4 32 16 0
130 5 1 64 0
131 6 16 16 0
132 2 16 16 0
133 1 16 64 0
134 1 1 128 0
135 1 2 32 0
136 8 4 64 0
137 2 2 8 0
138 4 4 16 0
139 7 4 32 0
140 8 8 16 0
141 2 16 16 0
142 1 1 16 0
143 1 16 64 0
144 4 4 128 0
145 7 16 64 0
146 7 8 16 0
147 1 2 8 0
148 6 32 32 0
149 2 32 16 0
150 8 32 64 0
151 6 8 32 0
152 2 16 8 0
153 2 4 8 0
154 6 32 128 0
155 1 1 128 0
156 1 2 16 0
157 8 16 128 0
158 2 32 128 0
159 7 32 8 0
160 2 4 128 0
161 6 8 32 0
162 1 32 128 0
163 2 2 64 0
164 1 2 8 0
165 7 16 16 0
166 4 16 128 0
167 1 1 8 0
168 7 2 64 0
169 1 4 16 0
170 7 2 32 0
171 7 16 128 0
172 6 16 16 0
173 6 32 128 0
174 8 4 32 0
175 3 32 32 0
176 7 16 128 0
177 3 1 8 0
178 2 32 8 0
179 7 1 32 0
180 7 2 8 0
181 7 1 32 0
182 3 1 32 0
183 7 4 64 0
184 2 32 8 0
185 2 2 8 0
186 3 2 64 0
187 8 4 8 0
188 2 32 16 0
189 7 32 16 0
190 7 16 32 0
191 8 16 16 0
191
1 90 98
2 90 94
3 90 58
4 90 65
5 90 27
6 90 74
7 90 28
8 90 68
9 90 95
10 90 82
11 90 39
12 90 37
13 90 69
14 90 87
15 90 48
16 90 36
17 90 86
18 90 84
19 90 11
20 90 99
21 90 73
22 90 7
23 90 72
24 90 21
25 90 56
26 90 47
27 90 84
28 90 63
29 90 10
30 90 97
31 90 93
32 90 92
33 90 71
34 90 7
35 90 42
36 90 48
37 90 79
38 90 98
39 90 21
40 90 47
41 90 69
42 90 86
43 90 17
44 90 60
45 90 89
46 90 10
47 90 57
48 90 41
49 90 1
50 90 98
51 90 40
52 90 42
53 90 45
54 90 60
55 90 63
56 90 84
57 90 72
58 90 71
59 90 40
60 90 64
61 90 6
62 90 87
63 90 54
64 90 18
65 90 91
66 90 13
67 90 51
68 90 21
69 90 99
70 90 70
71 90 62
72 90 62
73 90 85
74 90 79
75 90 75
76 90 75
77 90 88
78 90 41
79 90 3
80 90 55
81 90 27
82 90 77
83 90 58
84 90 24
85 90 50
86 90 57
87 90 75
88 90 59
89 90 30
91 92 67
91 93 53
91 94 52
91 95 82
91 96 95
91 97 3
91 98 20
91 99 9
91 100 12
91 101 82
91 102 76
91 103 16
91 104 32
91 105 32
91 106 47
91 107 41
91 108 7
91 109 11
91 110 2
91 111 2
91 112 43
91 113 40
91 114 60
91 115 41
91 116 81
91 117 45
91 118 31
91 119 19
91 120 29
91 121 100
91 122 68
91 123 35
91 124 18
91 125 96
91 126 85
91 127 72
91 128 46
91 129 13
91 130 71
91 131 10
91 132 19
91 133 27
91 134 55
91 135 80
91 136 25
91 137 41
91 138 45
91 139 70
91 140 94
91 141 58
91 142 39
91 143 1
91 144 81
91 145 84
91 146 90
91 147 70
91 148 20
91 149 55
91 150 25
91 151 58
91 152 86
91 153 51
91 154 90
91 155 1
91 156 96
91 157 90
91 158 47
91 159 8
91 160 5
91 161 70
91 162 12
91 163 36
91 164 56
91 165 41
91 166 61
91 167 84
91 168 97
91 169 81
91 170 39
91 171 54
91 172 49
91 173 60
91 174 35
91 175 2
91 176 8
91 177 20
91 178 75
91 179 87
91 180 67
91 181 95
91 182 18
91 183 36
91 184 42
91 185 28
91 186 52
91 187 35
91 188 52
91 189 87
91 190 97
91 191 62
91 90 41
0 90 94
