179
0 8 32 64 1
1 1 32 16 0
2 5 32 128 0
3 6 2 16 0
4 3 2 16 0
5 5 2 8 0
6 1 16 32 0
7 2 1 128 0
8 2 4 32 0
9 8 16 16 0
10 5 8 32 0
11 7 2 64 0
12 1 16 8 0
13 3 1 64 0
14 8 32 16 0
15 8 16 64 0
16 4 1 8 0
17 6 4 16 0
18 7 16 64 0
19 2 2 32 0
20 2 8 16 0
21 2 1 16 0
22 3 32 32 0
23 3 2 64 0
24 8 1 16 0
25 6 1 16 0
26 8 4 32 0
27 7 8 64 0
28 7 16 32 0
29 4 32 16 0
30 6 2 32 0
31 3 2 16 0
32 4 1 128 0
33 5 4 8 0
34 7 8 8 0
35 4 8 8 0
36 7 8 16 0
37 2 8 128 0
38 5 32 64 0
39 8 4 64 0
40 8 2 32 0
41 5 8 128 0
42 6 1 8 0
43 1 32 8 0
44 5 4 16 0
45 7 16 64 0
46 8 16 8 0
47 4 2 8 0
48 4 1 64 0
49 7 2 16 0
50 6 1 8 0
51 4 8 128 0
52 6 4 128 0
53 2 16 32 0
54 6 1 128 0
55 7 4 128 0
56 8 8 128 0
57 7 4 128 0
58 4 32 32 0
59 8 1 8 0
60 5 8 32 0
61 5 8 32 0
62 4 32 8 0
63 2 16 64 0
64 2 16 64 0
65 1 4 8 0
66 3 32 128 0
67 8 16 8 0
68 8 32 64 0
69 3 2 8 0
70 5 32 8 0
71 4 4 64 0
72 8 2 128 0
73 3 1 64 0
74 4 1 32 0
75 7 32 32 0
76 1 8 128 0
77 5 16 64 0
78 1 16 128 0
79 8 16 32 0
80 5 2 32 0
81 4 8 128 0
82 7 2 8 0
83 8 1 16 0
84 6 8 32 0
85 3 4 16 0
86 1 2 32 0
87 6 1 128 0
88 7 1 16 0
89 5 8 16 1
90 7 1 128 1
91 3 32 8 0
92 6 16 128 0
93 8 1 8 0
94 8 4 32 0
95 4 8 16 0
96 6 8 128 0
97 4 32 8 0
98 5 8 16 0
99 1 1 32 0
100 4 1 128 0
101 8 32 8 0
102 3 4 32 0
103 1 8 64 0
104 1 16 8 0
105 1 32 128 0
106 1 32 32 0
107 3 32 32 0
108 5 32 8 0
109 5 2 16 0
110 8 32 64 0
111 4 2 32 0
112 7 2 64 0
113 4 1 32 0
114 2 4 8 0
115 1 4 8 0
116 5 16 16 0
117 8 2 8 0
118 7 8 32 0
119 2 32 64 0
120 5 2 32 0
121 5 1 8 0
122 5 4 32 0
123 8 2 128 0
124 5 2 32 0
125 7 4 8 0
126 3 2 8 0
127 6 4 128 0
128 7 4 8 0
129 6 2 32 0
130 4 16 32 0
131 2 4 8 0
132 2 4 64 0
133 7 8 128 0
134 6 32 128 0
135 7 1 64 0
136 6 32 8 0
137 3 32 32 0
138 1 8 128 0
139 3 32 64 0
140 7 8 8 0
141 3 4 64 0
142 8 8 16 0
143 7 2 32 0
144 1 32 16 0
145 5 32 16 0
146 5 1 128 0
147 3 32 32 0
148 6 1 32 0
149 6 8 128 0
150 3 4 16 0
151 7 8 16 0
152 8 1 128 0
153 4 2 16 0
154 2 16 8 0
155 6 2 64 0
156 4 16 128 0
157 4 1 32 0
158 6 32 128 0
159 1 32 32 0
160 7 2 128 0
161 1 16 16 0
162 5 1 32 0
163 5 4 64 0
164 7 32 128 0
165 3 2 64 0
166 5 1 64 0
167 6 2 8 0
168 4 16 128 0
169 2 16 16 0
170 7 4 128 0
171 3 2 64 0
172 6 4 8 0
173 5 2 128 0
174 4 32 128 0
175 8 1 32 0
176 1 4 8 0
177 7 32 64 0
178 6 2 8 0
178
1 89 99
2 89 3
3 89 23
4 89 97
5 89 11
6 89 20
7 89 61
8 89 94
9 89 79
10 89 29
11 89 65
12 89 88
13 89 92
14 89 20
15 89 98
16 89 3
17 89 4
18 89 52
19 89 1
20 89 5
21 89 15
22 89 92
23 89 43
24 89 92
25 89 90
26 89 16
27 89 60
28 89 97
29 89 68
30 89 35
31 89 62
32 89 82
33 89 96
34 89 11
35 89 66
36 89 45
37 89 71
38 89 74
39 89 48
40 89 93
41 89 81
42 89 24
43 89 36
44 89 57
45 89 68
46 89 56
47 89 53
48 89 50
49 89 84
50 89 4
51 89 73
52 89 40
53 89 89
54 89 85
55 89 48
56 89 1
57 89 96
58 89 5
59 89 89
60 89 45
61 89 95
62 89 40
63 89 87
64 89 79
65 89 78
66 89 73
67 89 71
68 89 98
69 89 14
70 89 80
71 89 8
72 89 44
73 89 57
74 89 15
75 89 19
76 89 39
77 89 14
78 89 1
79 89 3
80 89 57
81 89 74
82 89 92
83 89 29
84 89 65
85 89 67
86 89 44
87 89 98
88 89 31
90 91 26
90 92 53
90 93 62
90 94 80
90 95 100
90 96 30
90 97 97
90 98 63
90 99 99
90 100 79
90 101 63
90 102 10
90 103 45
90 104 15
90 105 89
90 106 31
90 107 52
90 108 32
90 109 83
90 110 99
90 111 84
90 112 64
90 113 66
90 114 11
90 115 46
90 116 66
90 117 20
90 118 87
90 119 10
90 120 80
90 121 61
90 122 42
90 123 74
90 124 93
90 125 55
90 126 43
90 127 69
90 128 91
90 129 55
90 130 99
90 131 86
90 132 25
90 133 69
90 134 31
90 135 21
90 136 89
90 137 5
90 138 78
90 139 64
90 140 54
90 141 97
90 142 19
90 143 97
90 144 51
90 145 45
90 146 82
90 147 17
90 148 69
90 149 69
90 150 85
90 151 42
90 152 38
90 153 21
90 154 10
90 155 30
90 156 83
90 157 55
90 158 43
90 159 64
90 160 89
90 161 10
90 162 52
90 163 95
90 164 91
90 165 56
90 166 10
90 167 72
90 168 97
90 169 88
90 170 71
90 171 74
90 172 41
90 173 77
90 174 15
90 175 34
90 176 68
90 177 66
90 178 64
90 89 26
0 89 57
