80
0 1 2 8 1
1 6 8 8 1
2 6 2 32 1
3 4 2 32 1
4 6 32 16 1
5 3 16 32 1
6 2 2 8 1
7 3 1 128 1
8 3 4 16 1
9 8 8 32 1
10 4 8 8 1
11 8 1 8 1
12 5 32 32 1
13 1 16 8 1
14 3 2 32 1
15 5 1 16 1
16 4 1 16 1
17 1 8 128 1
18 1 16 16 1
19 8 2 32 1
20 7 4 128 1
21 1 8 32 1
22 2 2 128 1
23 1 8 128 1
24 6 4 128 1
25 3 4 16 1
26 7 4 8 1
27 5 8 32 1
28 7 16 128 1
29 2 2 8 1
30 5 16 64 1
31 3 16 128 1
32 6 8 64 1
33 5 4 128 1
34 1 16 64 1
35 1 32 128 0
36 4 8 32 0
37 4 8 64 0
38 2 2 128 0
39 7 8 16 0
40 7 4 16 0
41 4 32 32 0
42 2 8 64 0
43 6 16 128 0
44 4 4 128 0
45 7 16 128 0
46 5 1 64 0
47 8 16 32 0
48 1 4 32 0
49 7 8 16 0
50 3 4 64 0
51 6 1 8 0
52 3 2 64 0
53 4 32 8 0
54 1 1 64 0
55 1 2 16 0
56 7 8 128 0
57 7 16 32 0
58 3 32 8 0
59 7 32 32 0
60 8 8 128 0
61 4 2 8 0
62 4 32 8 0
63 4 32 8 0
64 4 1 8 0
65 4 4 32 0
66 6 1 32 0
67 8 32 32 0
68 7 32 128 0
69 1 2 64 0
70 8 16 128 0
71 7 4 32 0
72 3 16 64 0
73 5 32 16 0
74 2 1 64 0
75 6 32 32 0
76 1 32 64 0
77 8 32 32 0
78 7 2 16 0
79 3 16 16 0
195
0 5 63
0 6 42
0 7 55
0 8 86
0 9 85
1 5 47
1 6 46
1 7 67
1 8 95
1 9 28
2 5 40
2 6 7
2 7 44
2 8 59
2 9 21
3 5 59
3 6 19
3 7 12
3 8 34
3 9 79
4 5 37
4 6 94
4 7 56
4 8 17
4 9 80
5 10 15
5 11 94
5 12 38
5 13 25
5 14 71
6 10 60
6 11 57
6 12 44
6 13 62
6 14 64
7 10 57
7 11 63
7 12 59
7 13 39
7 14 7
8 10 1
8 11 81
8 12 26
8 13 89
8 14 1
9 10 40
9 11 60
9 12 73
9 13 91
9 14 34
10 15 27
10 16 17
10 17 52
10 18 100
10 19 1
11 15 14
11 16 82
11 17 97
11 18 34
11 19 87
12 15 1
12 16 86
12 17 11
12 18 38
12 19 73
13 15 47
13 16 20
13 17 4
13 18 7
13 19 41
14 15 90
14 16 7
14 17 65
14 18 58
14 19 100
15 20 58
15 21 45
15 22 72
15 23 77
15 24 94
16 20 5
16 21 79
16 22 96
16 23 3
16 24 17
17 20 23
17 21 15
17 22 7
17 23 1
17 24 76
18 20 92
18 21 85
18 22 40
18 23 9
18 24 62
19 20 69
19 21 43
19 22 9
19 23 77
19 24 63
20 25 49
20 26 42
20 27 41
20 28 46
20 29 7
21 25 35
21 26 29
21 27 92
21 28 15
21 29 52
22 25 34
22 26 77
22 27 83
22 28 17
22 29 64
23 25 62
23 26 37
23 27 98
23 28 72
23 29 93
24 25 24
24 26 43
24 27 65
24 28 13
24 29 7
25 30 98
25 31 82
25 32 59
25 33 66
25 34 67
26 30 88
26 31 56
26 32 13
26 33 71
26 34 66
27 30 42
27 31 56
27 32 55
27 33 67
27 34 84
28 30 37
28 31 46
28 32 91
28 33 88
28 34 7
29 30 99
29 31 8
29 32 97
29 33 73
29 34 9
25 35 96
25 36 14
25 37 16
25 38 13
25 39 28
25 40 56
25 41 3
25 42 77
25 43 35
26 44 4
26 45 58
26 46 46
26 47 79
26 48 62
26 49 80
26 50 40
26 51 62
26 52 85
27 53 69
27 54 54
27 55 99
27 56 11
27 57 59
27 58 37
27 59 20
27 60 24
27 61 1
28 62 2
28 63 98
28 64 100
28 65 7
28 66 96
28 67 99
28 68 26
28 69 67
28 70 30
29 71 92
29 72 100
29 73 96
29 74 91
29 75 97
29 76 5
29 77 52
29 78 52
29 79 38
