75
0 5 2 128 1
1 2 32 128 1
2 2 1 16 1
3 6 1 8 1
4 6 2 64 1
5 1 1 8 1
6 4 1 64 1
7 2 4 16 1
8 1 1 64 1
9 2 8 128 1
10 2 16 32 1
11 5 16 16 1
12 7 16 128 1
13 4 1 16 1
14 4 1 16 1
15 2 8 64 1
16 5 2 16 1
17 2 32 32 1
18 8 4 32 1
19 1 16 64 1
20 4 8 8 1
21 6 2 128 1
22 6 4 8 1
23 7 32 64 1
24 1 2 32 1
25 4 32 8 1
26 1 4 32 1
27 6 16 32 1
28 5 32 32 1
29 5 16 8 1
30 1 16 64 1
31 8 8 32 1
32 1 2 64 1
33 8 2 128 1
34 7 8 8 1
35 8 32 32 0
36 8 8 64 0
37 8 16 8 0
38 3 1 32 0
39 3 4 16 0
40 1 1 16 0
41 7 32 8 0
42 4 4 64 0
43 3 16 64 0
44 6 8 16 0
45 3 2 16 0
46 5 32 128 0
47 4 1 128 0
48 1 1 16 0
49 6 16 64 0
50 1 16 8 0
51 3 4 32 0
52 6 1 128 0
53 1 1 128 0
54 3 1 64 0
55 4 1 8 0
56 5 2 64 0
57 4 1 128 0
58 7 4 8 0
59 5 32 16 0
60 4 4 8 0
61 1 16 64 0
62 2 4 16 0
63 1 16 128 0
64 2 2 8 0
65 2 16 128 0
66 6 2 8 0
67 4 2 16 0
68 3 16 16 0
69 7 1 32 0
70 5 2 32 0
71 8 16 8 0
72 6 4 8 0
73 4 1 8 0
74 6 32 16 0
190
0 5 66
0 6 40
0 7 79
0 8 54
0 9 69
1 5 22
1 6 56
1 7 53
1 8 22
1 9 25
2 5 66
2 6 62
2 7 51
2 8 39
2 9 67
3 5 72
3 6 78
3 7 1
3 8 94
3 9 27
4 5 30
4 6 77
4 7 100
4 8 56
4 9 2
5 10 46
5 11 22
5 12 49
5 13 96
5 14 54
6 10 79
6 11 55
6 12 83
6 13 36
6 14 89
7 10 30
7 11 27
7 12 65
7 13 88
7 14 90
8 10 2
8 11 14
8 12 13
8 13 35
8 14 34
9 10 21
9 11 39
9 12 32
9 13 92
9 14 64
10 15 61
10 16 58
10 17 37
10 18 59
10 19 58
11 15 3
11 16 53
11 17 90
11 18 99
11 19 40
12 15 88
12 16 48
12 17 59
12 18 53
12 19 51
13 15 79
13 16 37
13 17 54
13 18 24
13 19 42
14 15 22
14 16 83
14 17 32
14 18 7
14 19 61
15 20 88
15 21 76
15 22 56
15 23 84
15 24 21
16 20 90
16 21 18
16 22 85
16 23 53
16 24 50
17 20 66
17 21 12
17 22 41
17 23 96
17 24 76
18 20 89
18 21 33
18 22 5
18 23 68
18 24 73
19 20 97
19 21 63
19 22 65
19 23 87
19 24 90
20 25 98
20 26 12
20 27 94
20 28 63
20 29 88
21 25 63
21 26 13
21 27 46
21 28 17
21 29 62
22 25 93
22 26 88
22 27 53
22 28 8
22 29 85
23 25 86
23 26 35
23 27 65
23 28 72
23 29 60
24 25 98
24 26 14
24 27 8
24 28 21
24 29 48
25 30 66
25 31 91
25 32 2
25 33 20
25 34 61
26 30 99
26 31 17
26 32 60
26 33 46
26 34 24
27 30 99
27 31 87
27 32 8
27 33 24
27 34 74
28 30 32
28 31 14
28 32 85
28 33 70
28 34 7
29 30 50
29 31 2
29 32 41
29 33 67
29 34 49
25 35 54
25 36 32
25 37 10
25 38 76
25 39 75
25 40 83
25 41 41
25 42 16
26 43 12
26 44 92
26 45 96
26 46 10
26 47 71
26 48 57
26 49 45
26 50 11
27 51 51
27 52 26
27 53 46
27 54 92
27 55 80
27 56 59
27 57 53
27 58 46
28 59 60
28 60 11
28 61 82
28 62 39
28 63 81
28 64 89
28 65 1
28 66 30
29 67 60
29 68 36
29 69 67
29 70 51
29 71 66
29 72 99
29 73 53
29 74 21
