85
0 5 4 8 1
1 8 32 64 1
2 5 2 8 1
3 5 2 16 1
4 4 1 128 1
5 7 8 32 1
6 6 2 64 1
7 5 8 128 1
8 3 2 32 1
9 2 1 128 1
10 4 32 128 1
11 6 4 32 1
12 5 32 128 1
13 4 1 8 1
14 7 32 32 1
15 7 16 64 1
16 3 8 16 1
17 2 8 16 1
18 5 8 32 1
19 1 4 16 1
20 1 32 64 1
21 8 4 16 1
22 5 4 16 1
23 1 32 64 1
24 5 32 8 1
25 8 8 16 1
26 6 8 64 1
27 7 16 32 1
28 1 2 128 1
29 2 8 32 1
30 1 1 32 1
31 6 2 8 1
32 7 4 32 1
33 5 8 32 1
34 5 4 32 1
35 7 2 32 0
36 1 2 16 0
37 2 4 16 0
38 5 32 32 0
39 5 4 32 0
40 3 32 128 0
41 4 2 16 0
42 1 32 16 0
43 8 2 32 0
44 5 32 128 0
45 3 4 8 0
46 5 4 16 0
47 6 8 16 0
48 4 2 64 0
49 2 16 32 0
50 4 4 8 0
51 2 8 16 0
52 8 4 8 0
53 3 16 32 0
54 5 16 64 0
55 5 32 32 0
56 7 32 64 0
57 2 4 128 0
58 3 32 8 0
59 6 8 16 0
60 1 16 16 0
61 4 1 16 0
62 1 4 128 0
63 7 32 8 0
64 8 2 128 0
65 8 2 64 0
66 8 16 16 0
67 7 1 128 0
68 2 32 128 0
69 5 16 64 0
70 5 32 64 0
71 1 1 128 0
72 1 16 32 0
73 8 32 32 0
74 3 16 64 0
75 8 8 128 0
76 3 4 8 0
77 6 4 16 0
78 7 1 128 0
79 3 2 64 0
80 2 4 16 0
81 3 16 32 0
82 1 16 16 0
83 1 8 32 0
84 2 2 8 0
200
0 5 57
0 6 18
0 7 65
0 8 93
0 9 94
1 5 63
1 6 49
1 7 75
1 8 2
1 9 86
2 5 46
2 6 47
2 7 87
2 8 68
2 9 18
3 5 17
3 6 21
3 7 60
3 8 1
3 9 1
4 5 99
4 6 67
4 7 25
4 8 87
4 9 67
5 10 33
5 11 44
5 12 9
5 13 30
5 14 1
6 10 9
6 11 19
6 12 22
6 13 86
6 14 43
7 10 82
7 11 69
7 12 91
7 13 68
7 14 10
8 10 73
8 11 26
8 12 51
8 13 81
8 14 49
9 10 2
9 11 50
9 12 66
9 13 20
9 14 33
10 15 78
10 16 97
10 17 19
10 18 3
10 19 8
11 15 94
11 16 42
11 17 82
11 18 37
11 19 87
12 15 63
12 16 99
12 17 35
12 18 34
12 19 94
13 15 8
13 16 53
13 17 94
13 18 69
13 19 88
14 15 60
14 16 47
14 17 98
14 18 38
14 19 94
15 20 42
15 21 14
15 22 99
15 23 30
15 24 65
16 20 66
16 21 10
16 22 13
16 23 30
16 24 52
17 20 3
17 21 36
17 22 10
17 23 53
17 24 28
18 20 64
18 21 4
18 22 14
18 23 47
18 24 63
19 20 57
19 21 39
19 22 8
19 23 14
19 24 33
20 25 88
20 26 35
20 27 45
20 28 57
20 29 38
21 25 74
21 26 55
21 27 97
21 28 68
21 29 61
22 25 74
22 26 43
22 27 47
22 28 72
22 29 59
23 25 86
23 26 14
23 27 80
23 28 60
23 29 98
24 25 94
24 26 29
24 27 29
24 28 56
24 29 81
25 30 42
25 31 70
25 32 75
25 33 68
25 34 92
26 30 42
26 31 51
26 32 48
26 33 4
26 34 35
27 30 84
27 31 42
27 32 41
27 33 26
27 34 1
28 30 62
28 31 2
28 32 89
28 33 2
28 34 34
29 30 39
29 31 81
29 32 62
29 33 57
29 34 82
25 35 2
25 36 48
25 37 64
25 38 92
25 39 58
25 40 96
25 41 38
25 42 54
25 43 72
25 44 28
26 45 93
26 46 22
26 47 70
26 48 86
26 49 3
26 50 69
26 51 37
26 52 72
26 53 76
26 54 12
27 55 5
27 56 3
27 57 16
27 58 57
27 59 47
27 60 19
27 61 32
27 62 32
27 63 44
27 64 49
28 65 96
28 66 53
28 67 60
28 68 31
28 69 35
28 70 63
28 71 85
28 72 87
28 73 73
28 74 92
29 75 58
29 76 6
29 77 57
29 78 20
29 79 84
29 80 21
29 81 99
29 82 50
29 83 85
29 84 92
