75
0 3 4 128 1
1 3 4 64 1
2 5 8 16 1
3 8 1 64 1
4 3 1 128 1
5 5 2 32 1
6 5 16 8 1
7 3 2 32 1
8 6 4 32 1
9 1 8 128 1
10 6 4 8 1
11 8 8 128 1
12 8 32 32 1
13 5 8 64 1
14 8 8 8 1
15 2 4 8 1
16 5 8 8 1
17 7 4 16 1
18 5 2 128 1
19 2 1 128 1
20 5 32 128 1
21 3 2 64 1
22 5 32 8 1
23 1 1 128 1
24 5 8 8 1
25 8 8 32 1
26 3 4 32 1
27 6 1 64 1
28 1 1 32 1
29 3 32 8 1
30 3 16 8 0
31 7 2 32 0
32 4 2 8 0
33 4 8 32 0
34 4 2 32 0
35 7 16 8 0
36 7 32 32 0
37 4 1 16 0
38 2 1 32 0
39 2 16 8 0
40 6 4 64 0
41 8 16 16 0
42 1 4 16 0
43 1 4 128 0
44 4 8 8 0
45 2 2 16 0
46 2 32 8 0
47 7 16 64 0
48 6 2 128 0
49 4 1 32 0
50 4 4 32 0
51 7 4 8 0
52 1 4 8 0
53 2 1 64 0
54 6 4 128 0
55 6 4 8 0
56 6 2 128 0
57 4 32 64 0
58 1 2 128 0
59 4 1 64 0
60 8 16 8 0
61 3 4 8 0
62 1 32 16 0
63 8 1 64 0
64 7 2 128 0
65 5 8 64 0
66 1 8 32 0
67 2 32 8 0
68 4 4 8 0
69 8 16 8 0
70 6 16 128 0
71 3 1 128 0
72 4 32 64 0
73 2 32 128 0
74 4 2 32 0
170
0 5 67
0 6 76
0 7 98
0 8 87
0 9 55
1 5 81
1 6 9
1 7 47
1 8 64
1 9 61
2 5 18
2 6 6
2 7 27
2 8 62
2 9 73
3 5 12
3 6 19
3 7 61
3 8 70
3 9 80
4 5 17
4 6 36
4 7 27
4 8 11
4 9 30
5 10 13
5 11 81
5 12 100
5 13 86
5 14 63
6 10 65
6 11 3
6 12 72
6 13 80
6 14 14
7 10 82
7 11 37
7 12 62
7 13 3
7 14 48
8 10 77
8 11 5
8 12 9
8 13 25
8 14 54
9 10 98
9 11 7
9 12 22
9 13 65
9 14 86
10 15 68
10 16 24
10 17 10
10 18 80
10 19 92
11 15 18
11 16 35
11 17 13
11 18 97
11 19 96
12 15 88
12 16 61
12 17 20
12 18 84
12 19 61
13 15 99
13 16 30
13 17 92
13 18 34
13 19 61
14 15 46
14 16 12
14 17 47
14 18 33
14 19 74
15 20 86
15 21 34
15 22 26
15 23 82
15 24 76
16 20 23
16 21 25
16 22 44
16 23 77
16 24 6
17 20 24
17 21 95
17 22 29
17 23 4
17 24 62
18 20 93
18 21 63
18 22 76
18 23 67
18 24 28
19 20 5
19 21 79
19 22 8
19 23 76
19 24 12
20 25 42
20 26 60
20 27 24
20 28 99
20 29 43
21 25 26
21 26 49
21 27 32
21 28 38
21 29 76
22 25 99
22 26 41
22 27 79
22 28 64
22 29 62
23 25 99
23 26 45
23 27 82
23 28 54
23 29 3
24 25 26
24 26 55
24 27 95
24 28 43
24 29 30
20 30 24
20 31 30
20 32 98
20 33 54
20 34 65
20 35 81
20 36 69
20 37 89
20 38 86
21 39 94
21 40 47
21 41 81
21 42 80
21 43 29
21 44 15
21 45 74
21 46 38
21 47 41
22 48 38
22 49 75
22 50 54
22 51 61
22 52 13
22 53 38
22 54 43
22 55 88
22 56 16
23 57 96
23 58 95
23 59 69
23 60 40
23 61 45
23 62 6
23 63 1
23 64 15
23 65 62
24 66 89
24 67 40
24 68 71
24 69 100
24 70 25
24 71 14
24 72 82
24 73 88
24 74 90
